1787578345 35107578 24930213228 0
1787578346 35107918 24930225530 0
1787578347 35108929 24930236350 0
1787578348 35109949 24930245877 0
1787578350 35110935 24930255670 0
1787578351 35111865 24930266015 0
1787578352 35112418 24930279774 0
1787578353 35112604 24930291881 0
1787578354 35112793 24930304866 0
1787578355 35112991 24930317831 0
1787578356 35113200 24930331051 0
1787578357 35113402 24930344226 0
1787578358 35113573 24930356393 0
1787578359 35113768 24930369369 0
1787578361 35113972 24930382373 0
1787578362 35114117 24930395364 0
1787578363 35114259 24930407612 0
1787578364 35114451 24930419922 0
1787578365 35114601 24930432333 0
1787578366 35114732 24930444550 0
1787578367 35114911 24930456978 0
1787578368 35115062 24930469325 0
1787578369 35115299 24930481609 0
1787578370 35115546 24930493878 0
1787578371 35115716 24930506064 0
1787578372 35115953 24930518228 0
1787578373 35116122 24930531194 0
1787578374 35116484 24930543179 0
1787578375 35116966 24930555137 0
1787578376 35117274 24930567198 0
1787578377 35118157 24930577611 0
1787578378 35119262 24930587920 0
1787578379 35120359 24930598295 0
1787578380 35120993 24930609925 0
1787578381 35121160 24930622058 0
1787578382 35121317 24930634283 0
1787578384 35121466 24930646421 0
1787578385 35121644 24930658999 0
1787578386 35121789 24930671230 0
1787578387 35121971 24930683489 0
1787578388 35122095 24930695643 0
1787578389 35122223 24930707699 0
1787578390 35122360 24930719847 0
1787578391 35122496 24930732076 0
1787578392 35122647 24930744275 0
1787578393 35122793 24930756456 0
1787578394 35122960 24930768859 0
1787578395 35123107 24930781788 0
1787578396 35123260 24930794934 0
1787578397 35123388 24930807056 0
1787578398 35123554 24930819224 0
1787578399 35123828 24930831378 0
1787578400 35124007 24930843596 0
1787578401 35124194 24930855793 0
1787578402 35124393 24930868508 0
1787578403 35124746 24930880499 0
1787578404 35125256 24930893135 0
1787578405 35125581 24930905237 0
1787578406 35126171 24930916741 0
1787578408 35127070 24930925832 0
1787578409 35128286 24930938498 0
