1787575425 34331178 24896362092 0
1787575426 34331292 24896374348 0
1787575427 34331412 24896386633 0
1787575428 34331610 24896398993 0
1787575430 34331785 24896411238 0
1787575431 34331954 24896423520 0
1787575432 34332062 24896435702 0
1787575433 34332258 24896447685 0
1787575434 34332569 24896459799 0
1787575435 34332955 24896471820 0
1787575436 34333368 24896483924 0
1787575437 34333635 24896496004 0
1787575438 34334318 24896506138 0
1787575439 34335235 24896516430 0
1787575440 34336065 24896525854 0
1787575441 34337071 24896535959 0
1787575442 34337510 24896547284 0
1787575443 34337687 24896559355 0
1787575444 34337836 24896571390 0
1787575445 34337943 24896583737 0
1787575446 34338056 24896596047 0
1787575447 34338175 24896608486 0
1787575448 34338284 24896620822 0
1787575449 34338369 24896633062 0
1787575450 34338501 24896645554 0
1787575451 34338621 24896657804 0
1787575452 34338724 24896670070 0
1787575453 34338834 24896682564 0
1787575454 34338931 24896694828 0
1787575455 34339037 24896707285 0
1787575456 34339135 24896719587 0
1787575457 34339255 24896731847 0
1787575458 34339441 24896743985 0
1787575459 34339743 24896755956 0
1787575460 34339878 24896768280 0
1787575461 34340003 24896780586 0
1787575462 34340213 24896792767 0
1787575464 34340546 24896805054 0
1787575465 34341031 24896817262 0
1787575466 34341334 24896829456 0
1787575467 34342104 24896839395 0
1787575468 34343101 24896849660 0
1787575469 34344141 24896860061 0
1787575470 34345085 24896870133 0
1787575471 34345214 24896882311 0
1787575472 34345330 24896894603 0
1787575473 34345453 24896906830 0
1787575474 34345587 24896919127 0
1787575475 34345700 24896931440 0
1787575476 34345799 24896943856 0
1787575477 34345933 24896956158 0
1787575478 34346052 24896968354 0
1787575479 34346164 24896980598 0
1787575480 34346264 24896992789 0
1787575481 34346390 24897005022 0
1787575482 34346506 24897017162 0
1787575483 34346631 24897029590 0
1787575484 34346739 24897041853 0
1787575485 34346865 24897054126 0
1787575486 34346950 24897066304 0
1787575487 34346997 24897078574 0
1787575488 34347121 24897090804 0
1787575489 34347273 24897103072 0
