1787575683 34394512 24899344978 0
1787575684 34394647 24899357423 0
1787575685 34394809 24899369652 0
1787575686 34394955 24899381951 0
1787575687 34395102 24899394178 0
1787575688 34395215 24899406444 0
1787575689 34395340 24899418735 0
1787575690 34395468 24899430970 0
1787575691 34395632 24899443054 0
1787575692 34395740 24899455262 0
1787575693 34395887 24899467517 0
1787575694 34396036 24899479653 0
1787575695 34396165 24899491775 0
1787575696 34396298 24899503955 0
1787575697 34396449 24899516156 0
1787575698 34396592 24899528480 0
1787575699 34396742 24899540624 0
1787575700 34396872 24899552842 0
1787575701 34396989 24899565025 0
1787575702 34397155 24899577307 0
1787575703 34397310 24899589492 0
1787575704 34397551 24899601616 0
1787575705 34397741 24899613781 0
1787575706 34397890 24899625951 0
1787575707 34398159 24899638036 0
1787575708 34398683 24899649988 0
1787575709 34399068 24899662015 0
1787575710 34399956 24899672437 0
1787575711 34401039 24899682241 0
1787575712 34402211 24899692444 0
1787575713 34402512 24899704367 0
1787575714 34402627 24899716460 0
1787575715 34402795 24899728752 0
1787575716 34402931 24899740983 0
1787575717 34403094 24899753257 0
1787575718 34403219 24899765518 0
1787575720 34403343 24899777704 0
1787575721 34403492 24899789934 0
1787575722 34403617 24899802205 0
1787575723 34403738 24899814432 0
1787575724 34403860 24899826630 0
1787575725 34404002 24899838837 0
1787575726 34404125 24899851082 0
1787575727 34404247 24899863371 0
1787575728 34404403 24899875633 0
1787575729 34404678 24899887814 0
1787575730 34404879 24899900163 0
1787575731 34405075 24899912356 0
1787575732 34405271 24899924538 0
1787575733 34405439 24899936583 0
1787575734 34405600 24899948827 0
1787575735 34405775 24899960954 0
1787575736 34405923 24899973079 0
1787575737 34406090 24899985340 0
1787575738 34406531 24899997358 0
1787575739 34407067 24900009340 0
1787575740 34407442 24900021303 0
1787575741 34408522 24900031485 0
1787575742 34409706 24900041968 0
1787575743 34410811 24900052034 0
1787575744 34411013 24900064063 0
1787575745 34411124 24900076287 0
1787575746 34411229 24900088652 0
1787575747 34411278 24900101034 0
