1787575425 34331179 24896362122 0
1787575426 34331291 24896374311 0
1787575427 34331409 24896386542 0
1787575428 34331603 24896398753 0
1787575429 34331782 24896410967 0
1787575431 34331947 24896423196 0
1787575432 34332056 24896435365 0
1787575433 34332254 24896447417 0
1787575434 34332561 24896459550 0
1787575435 34332950 24896471693 0
1787575436 34333363 24896483727 0
1787575437 34333631 24896495953 0
1787575438 34334318 24896506141 0
1787575439 34335239 24896516465 0
1787575440 34336070 24896525913 0
1787575441 34337089 24896536187 0
1787575442 34337509 24896547251 0
1787575443 34337689 24896559397 0
1787575444 34337836 24896571397 0
1787575445 34337940 24896583587 0
1787575446 34338051 24896595779 0
1787575447 34338170 24896608118 0
1787575448 34338280 24896620369 0
1787575449 34338367 24896632687 0
1787575450 34338493 24896644895 0
1787575451 34338614 24896657145 0
1787575452 34338719 24896669464 0
1787575453 34338824 24896681833 0
1787575454 34338927 24896694159 0
1787575455 34339024 24896706390 0
1787575456 34339125 24896718775 0
1787575457 34339248 24896731089 0
1787575458 34339421 24896743328 0
1787575459 34339732 24896755143 0
1787575460 34339862 24896767316 0
1787575461 34339992 24896779468 0
1787575462 34340193 24896791720 0
1787575463 34340496 24896803721 0
1787575464 34340962 24896815778 0
1787575465 34341284 24896827951 0
1787575467 34342007 24896838183 0
1787575468 34343003 24896848293 0
1787575469 34344006 24896858695 0
1787575470 34345026 24896869070 0
1787575471 34345196 24896880903 0
1787575472 34345317 24896893070 0
1787575473 34345418 24896905260 0
1787575474 34345567 24896917408 0
1787575475 34345684 24896929762 0
1787575476 34345785 24896942032 0
1787575477 34345905 24896954219 0
1787575478 34346029 24896966385 0
1787575479 34346139 24896978561 0
1787575480 34346243 24896990801 0
1787575481 34346365 24897003033 0
1787575482 34346488 24897015416 0
1787575483 34346605 24897027531 0
1787575484 34346721 24897039761 0
1787575485 34346845 24897052112 0
1787575486 34346941 24897064406 0
1787575487 34346988 24897076575 0
1787575488 34347091 24897088911 0
1787575489 34347249 24897101282 0
