1787578345 35107581 24930213340 0
1787578346 35107909 24930225362 0
1787578347 35108856 24930235611 0
1787578348 35109905 24930245521 0
1787578349 35110901 24930255285 0
1787578351 35111803 24930265021 0
1787578352 35112371 24930275276 0
1787578353 35112544 24930287480 0
1787578354 35112722 24930299877 0
1787578355 35112918 24930312053 0
1787578356 35113099 24930324339 0
1787578357 35113288 24930336556 0
1787578358 35113447 24930348844 0
1787578359 35113637 24930361131 0
1787578360 35113828 24930373461 0
1787578361 35114003 24930385629 0
1787578362 35114144 24930397781 0
1787578363 35114283 24930409989 0
1787578364 35114475 24930422205 0
1787578365 35114617 24930434428 0
1787578366 35114758 24930446879 0
1787578367 35114935 24930459096 0
1787578368 35115092 24930471415 0
1787578369 35115331 24930483737 0
1787578370 35115615 24930495938 0
1787578371 35115738 24930508127 0
1787578372 35115990 24930520427 0
1787578373 35116157 24930532646 0
1787578374 35116532 24930544698 0
1787578375 35117037 24930556621 0
1787578376 35117338 24930568667 0
1787578377 35118303 24930578805 0
1787578378 35119298 24930588341 0
1787578379 35120317 24930598017 0
1787578380 35120976 24930608949 0
1787578381 35121148 24930621124 0
1787578382 35121299 24930633260 0
1787578383 35121434 24930645390 0
1787578384 35121617 24930657432 0
1787578385 35121760 24930669564 0
1787578386 35121949 24930681759 0
1787578387 35122076 24930693992 0
1787578388 35122195 24930706146 0
1787578389 35122342 24930718355 0
1787578391 35122471 24930730493 0
1787578392 35122618 24930742697 0
1787578393 35122777 24930754881 0
1787578394 35122926 24930767166 0
1787578395 35123072 24930779451 0
1787578396 35123227 24930791660 0
1787578397 35123359 24930803846 0
1787578398 35123516 24930816130 0
1787578399 35123717 24930828243 0
1787578400 35123960 24930840399 0
1787578401 35124141 24930852685 0
1787578402 35124329 24930864858 0
1787578403 35124615 24930876926 0
1787578404 35125110 24930889043 0
1787578405 35125493 24930901105 0
1787578406 35125800 24930913132 0
1787578407 35126745 24930922748 0
1787578408 35127745 24930932695 0
1787578409 35128757 24930942857 0
