1787575683 34394512 24899344980 0
1787575684 34394643 24899357260 0
1787575685 34394802 24899369297 0
1787575686 34394957 24899382083 0
1787575687 34395102 24899394212 0
1787575688 34395215 24899406413 0
1787575689 34395337 24899418575 0
1787575690 34395461 24899430771 0
1787575691 34395643 24899443782 0
1787575692 34395751 24899455957 0
1787575693 34395909 24899468842 0
1787575694 34396066 24899481798 0
1787575695 34396203 24899495108 0
1787575696 34396351 24899507382 0
1787575697 34396494 24899519601 0
1787575698 34396640 24899531700 0
1787575699 34396785 24899543796 0
1787575700 34396906 24899555994 0
1787575701 34397033 24899568102 0
1787575702 34397207 24899581077 0
1787575704 34397411 24899594063 0
1787575705 34397624 24899606285 0
1787575706 34397814 24899618516 0
1787575707 34397970 24899630615 0
1787575708 34398330 24899642578 0
1787575709 34398878 24899654722 0
1787575710 34399505 24899666992 0
1787575711 34400708 24899679474 0
1787575712 34401892 24899689777 0
1787575713 34402478 24899701410 0
1787575714 34402593 24899713514 0
1787575715 34402770 24899725827 0
1787575716 34402901 24899738131 0
1787575717 34403058 24899750487 0
1787575718 34403181 24899762714 0
1787575719 34403311 24899774986 0
1787575720 34403447 24899787249 0
1787575721 34403594 24899799676 0
1787575722 34403711 24899811958 0
1787575723 34403842 24899824267 0
1787575724 34403970 24899836480 0
1787575725 34404099 24899848747 0
1787575727 34404221 24899860986 0
1787575728 34404380 24899873262 0
1787575729 34404602 24899885377 0
1787575730 34404831 24899897480 0
1787575731 34405043 24899909632 0
1787575732 34405218 24899921849 0
1787575733 34405407 24899933825 0
1787575734 34405562 24899946022 0
1787575735 34405731 24899958199 0
1787575736 34405887 24899970667 0
1787575737 34406046 24899982876 0
1787575738 34406441 24899995555 0
1787575739 34407019 24900007499 0
1787575740 34407362 24900020303 0
1787575741 34408524 24900031494 0
1787575742 34409736 24900042143 0
1787575743 34410811 24900052034 0
1787575744 34411023 24900064670 0
1787575745 34411135 24900076901 0
1787575746 34411237 24900089331 0
1787575747 34411288 24900101670 0
