1787577979 34995409 24925990576 0
1787577980 34995674 24926002519 0
1787577981 34995967 24926014742 0
1787577982 34996235 24926026861 0
1787577983 34996644 24926038784 0
1787577984 34997157 24926050770 0
1787577985 34997527 24926062954 0
1787577986 34998272 24926073586 0
1787577987 34999228 24926083822 0
1787577988 35000262 24926093652 0
1787577989 35001321 24926103468 0
1787577990 35001626 24926115585 0
1787577991 35001825 24926127763 0
1787577992 35002060 24926139888 0
1787577993 35002230 24926152266 0
1787577994 35002484 24926164389 0
1787577995 35002728 24926176614 0
1787577996 35002945 24926188820 0
1787577997 35003183 24926200921 0
1787577999 35003406 24926213030 0
1787578000 35003639 24926225259 0
1787578001 35003863 24926237472 0
1787578002 35004062 24926249706 0
1787578003 35004262 24926261922 0
1787578004 35004426 24926274113 0
1787578005 35004552 24926286466 0
1787578006 35004761 24926298869 0
1787578007 35004902 24926311179 0
1787578008 35005140 24926323395 0
1787578009 35005391 24926335734 0
1787578010 35005637 24926347864 0
1787578011 35005849 24926359957 0
1787578012 35006056 24926372125 0
1787578013 35006207 24926384421 0
1787578014 35006481 24926396604 0
1787578015 35006941 24926408554 0
1787578016 35007374 24926420566 0
1787578017 35007951 24926432009 0
1787578018 35008845 24926441575 0
1787578019 35009857 24926451829 0
1787578020 35010807 24926461517 0
1787578021 35011585 24926471868 0
1787578022 35011989 24926483922 0
1787578023 35012439 24926495851 0
1787578024 35012815 24926507795 0
1787578025 35013238 24926519691 0
1787578026 35013656 24926531584 0
1787578027 35014039 24926543705 0
1787578028 35014433 24926555773 0
1787578029 35014802 24926567779 0
1787578030 35015193 24926579798 0
1787578031 35015556 24926591772 0
1787578032 35015932 24926603734 0
1787578034 35016322 24926615799 0
1787578035 35016650 24926627833 0
1787578036 35017037 24926639786 0
1787578037 35017393 24926651757 0
1787578038 35017823 24926663787 0
1787578039 35018215 24926675621 0
1787578040 35018693 24926687465 0
1787578041 35019084 24926699520 0
1787578042 35019538 24926711460 0
1787578043 35020028 24926723259 0
