1787575096 34219338 24892599537 0
1787575097 34219653 24892611501 0
1787575098 34219934 24892623497 0
1787575099 34220317 24892635326 0
1787575100 34220677 24892647230 0
1787575101 34221049 24892659206 0
1787575102 34221314 24892671180 0
1787575103 34221792 24892682934 0
1787575104 34222320 24892694656 0
1787575105 34222990 24892706402 0
1787575106 34223398 24892718263 0
1787575107 34224085 24892729444 0
1787575108 34224989 24892738327 0
1787575109 34226148 24892748329 0
1787575110 34227279 24892758141 0
1787575111 34228084 24892768617 0
1787575112 34228482 24892780622 0
1787575113 34228771 24892792505 0
1787575114 34229073 24892804473 0
1787575115 34229407 24892816354 0
1787575116 34229656 24892828300 0
1787575117 34229966 24892840380 0
1787575118 34230300 24892852530 0
1787575119 34230618 24892864465 0
1787575120 34230948 24892876509 0
1787575121 34231263 24892888408 0
1787575122 34231555 24892900321 0
1787575123 34231883 24892912900 0
1787575124 34232189 24892924980 0
1787575125 34232498 24892937188 0
1787575126 34232825 24892949215 0
1787575127 34233142 24892961265 0
1787575128 34233545 24892973332 0
1787575129 34234045 24892985121 0
1787575130 34234380 24892997063 0
1787575131 34234754 24893009112 0
1787575132 34235104 24893020946 0
1787575133 34235630 24893032694 0
1787575134 34236283 24893044322 0
1787575136 34236713 24893055958 0
1787575137 34237253 24893067693 0
1787575138 34238149 24893076457 0
1787575139 34239209 24893086184 0
1787575140 34240239 24893095787 0
1787575141 34241320 24893105931 0
1787575142 34241557 24893117892 0
1787575143 34241775 24893129956 0
1787575144 34242038 24893142084 0
1787575145 34242288 24893154087 0
1787575146 34242574 24893166104 0
1787575147 34242823 24893178146 0
1787575148 34243097 24893190252 0
1787575149 34243405 24893202156 0
1787575150 34243717 24893214050 0
1787575151 34244015 24893226119 0
1787575152 34244331 24893238167 0
1787575153 34244669 24893250211 0
1787575154 34244971 24893262224 0
1787575155 34245315 24893274132 0
1787575156 34245679 24893286150 0
1787575157 34245966 24893298125 0
1787575158 34246236 24893310108 0
1787575159 34246745 24893321744 0
