1787577979 34995407 24925990555 0
1787577980 34995683 24926003149 0
1787577981 34995983 24926015342 0
1787577982 34996290 24926028286 0
1787577983 34996716 24926040886 0
1787577984 34997279 24926052994 0
1787577985 34997614 24926065657 0
1787577986 34998509 24926076200 0
1787577987 34999494 24926086139 0
1787577989 35000581 24926096695 0
1787577990 35001518 24926107200 0
1787577991 35001708 24926119716 0
1787577992 35001950 24926132679 0
1787577993 35002141 24926145753 0
1787577994 35002372 24926158586 0
1787577995 35002615 24926170795 0
1787577996 35002853 24926183860 0
1787577997 35003092 24926196524 0
1787577998 35003326 24926208758 0
1787577999 35003543 24926220933 0
1787578000 35003809 24926233536 0
1787578001 35004000 24926245691 0
1787578002 35004202 24926257939 0
1787578003 35004379 24926270267 0
1787578004 35004511 24926282591 0
1787578005 35004699 24926295038 0
1787578007 35004855 24926308137 0
1787578008 35005085 24926320399 0
1787578009 35005322 24926332517 0
1787578010 35005567 24926344664 0
1787578011 35005816 24926356787 0
1787578012 35005973 24926368950 0
1787578013 35006171 24926381262 0
1787578014 35006387 24926393551 0
1787578015 35006824 24926406209 0
1787578016 35007320 24926418184 0
1787578017 35007781 24926430617 0
1787578018 35008751 24926440630 0
1787578019 35009790 24926450730 0
1787578020 35010702 24926460601 0
1787578021 35011581 24926471695 0
1787578022 35011976 24926483716 0
1787578023 35012454 24926496312 0
1787578024 35012833 24926508232 0
1787578025 35013260 24926520207 0
1787578026 35013688 24926532531 0
1787578028 35014067 24926544555 0
1787578029 35014483 24926557453 0
1787578030 35014890 24926569973 0
1787578031 35015265 24926583007 0
1787578032 35015681 24926595686 0
1787578033 35016055 24926607680 0
1787578034 35016426 24926620515 0
1787578035 35016786 24926632543 0
1787578036 35017178 24926644652 0
1787578037 35017569 24926656587 0
1787578038 35017931 24926668622 0
1787578039 35018487 24926680897 0
1787578040 35018830 24926692851 0
1787578041 35019333 24926705403 0
1787578042 35019763 24926717275 0
1787578043 35020338 24926729908 0
