1787578345 35107579 24930213259 0
1787578346 35107904 24930225253 0
1787578347 35108842 24930235467 0
1787578348 35109874 24930245179 0
1787578349 35110901 24930255278 0
1787578351 35111798 24930264961 0
1787578352 35112369 24930275240 0
1787578353 35112543 24930287378 0
1787578354 35112717 24930299576 0
1787578355 35112913 24930311897 0
1787578356 35113098 24930324293 0
1787578357 35113291 24930336694 0
1787578358 35113448 24930348987 0
1787578359 35113637 24930361188 0
1787578360 35113829 24930373497 0
1787578361 35114007 24930385814 0
1787578362 35114148 24930398087 0
1787578363 35114291 24930410423 0
1787578364 35114484 24930422645 0
1787578365 35114623 24930434922 0
1787578366 35114766 24930447223 0
1787578367 35114941 24930459377 0
1787578368 35115095 24930471572 0
1787578369 35115334 24930483846 0
1787578370 35115615 24930495967 0
1787578371 35115738 24930508133 0
1787578372 35115986 24930520269 0
1787578373 35116152 24930532451 0
1787578374 35116523 24930544497 0
1787578375 35117030 24930556468 0
1787578376 35117330 24930568517 0
1787578377 35118300 24930578784 0
1787578378 35119307 24930588413 0
1787578379 35120323 24930598045 0
1787578380 35120989 24930609783 0
1787578381 35121157 24930621906 0
1787578382 35121313 24930634077 0
1787578383 35121462 24930646273 0
1787578384 35121633 24930658362 0
1787578385 35121779 24930670524 0
1787578387 35121960 24930682740 0
1787578388 35122087 24930695111 0
1787578389 35122217 24930707189 0
1787578390 35122356 24930719479 0
1787578391 35122488 24930731668 0
1787578392 35122637 24930743936 0
1787578393 35122788 24930756177 0
1787578394 35122948 24930768381 0
1787578395 35123088 24930780590 0
1787578396 35123242 24930792851 0
1787578397 35123371 24930805004 0
1787578398 35123529 24930817263 0
1787578399 35123760 24930829561 0
1787578400 35123974 24930841817 0
1787578401 35124162 24930854147 0
1787578402 35124356 24930866383 0
1787578403 35124660 24930878406 0
1787578404 35125154 24930890396 0
1787578405 35125519 24930902434 0
1787578406 35125928 24930914211 0
1787578407 35126832 24930923402 0
1787578408 35127816 24930933412 0
1787578409 35128798 24930943265 0
