1787575683 34394512 24899345001 0
1787575684 34394644 24899357345 0
1787575685 34394805 24899369478 0
1787575686 34394950 24899381614 0
1787575687 34395094 24899393842 0
1787575688 34395207 24899406052 0
1787575689 34395333 24899418272 0
1787575690 34395453 24899430430 0
1787575691 34395622 24899442549 0
1787575692 34395733 24899454717 0
1787575693 34395880 24899466868 0
1787575694 34396028 24899479016 0
1787575695 34396159 24899491205 0
1787575696 34396290 24899503509 0
1787575697 34396447 24899515875 0
1787575698 34396585 24899528113 0
1787575699 34396735 24899540231 0
1787575700 34396865 24899552472 0
1787575701 34396983 24899564717 0
1787575702 34397150 24899576980 0
1787575703 34397304 24899589139 0
1787575704 34397543 24899601343 0
1787575705 34397735 24899613580 0
1787575706 34397885 24899625735 0
1787575707 34398150 24899637762 0
1787575708 34398665 24899649662 0
1787575709 34399053 24899661669 0
1787575710 34399919 24899672148 0
1787575711 34401042 24899682251 0
1787575712 34402257 24899692800 0
1787575713 34402516 24899704733 0
1787575714 34402641 24899716914 0
1787575715 34402800 24899729203 0
1787575716 34402937 24899741444 0
1787575717 34403101 24899753710 0
1787575719 34403223 24899765946 0
1787575720 34403351 24899778361 0
1787575721 34403504 24899790700 0
1787575722 34403620 24899802965 0
1787575723 34403750 24899815288 0
1787575724 34403872 24899827603 0
1787575725 34404009 24899839788 0
1787575726 34404130 24899851960 0
1787575727 34404261 24899864205 0
1787575728 34404416 24899876464 0
1787575729 34404723 24899888583 0
1787575730 34404899 24899900807 0
1787575731 34405083 24899912987 0
1787575732 34405291 24899925261 0
1787575733 34405447 24899937410 0
1787575734 34405619 24899949644 0
1787575735 34405788 24899961793 0
1787575736 34405934 24899973930 0
1787575737 34406102 24899986121 0
1787575738 34406570 24899998068 0
1787575739 34407079 24900010068 0
1787575740 34407528 24900021847 0
1787575741 34408562 24900031940 0
1787575742 34409791 24900042659 0
1787575743 34410825 24900052473 0
1787575744 34411020 24900064485 0
1787575745 34411129 24900076654 0
1787575746 34411233 24900088936 0
1787575747 34411285 24900101388 0
