1787576263 34540376 24906082389 0
1787576264 34540516 24906094608 0
1787576265 34540641 24906106878 0
1787576266 34540785 24906119667 0
1787576267 34540944 24906131928 0
1787576268 34541131 24906144230 0
1787576269 34541414 24906156398 0
1787576270 34541597 24906168552 0
1787576271 34541776 24906180801 0
1787576272 34541947 24906193034 0
1787576273 34542226 24906204815 0
1787576274 34542651 24906216816 0
1787576275 34543114 24906228916 0
1787576276 34543456 24906240874 0
1787576277 34544365 24906249841 0
1787576278 34545447 24906259707 0
1787576279 34546436 24906269882 0
1787576280 34547014 24906281625 0
1787576281 34547154 24906293708 0
1787576282 34547281 24906305890 0
1787576283 34547436 24906318061 0
1787576284 34547612 24906330278 0
1787576285 34547754 24906342598 0
1787576287 34547903 24906354979 0
1787576288 34548092 24906367268 0
1787576289 34548262 24906379496 0
1787576290 34548411 24906391778 0
1787576291 34548547 24906404162 0
1787576292 34548697 24906416571 0
1787576293 34548858 24906428819 0
1787576294 34549008 24906441141 0
1787576295 34549146 24906453501 0
1787576296 34549286 24906465861 0
1787576297 34549441 24906478059 0
1787576298 34549614 24906490314 0
1787576299 34549868 24906502527 0
1787576300 34550201 24906514602 0
1787576301 34550357 24906526868 0
1787576302 34550543 24906539024 0
1787576303 34550703 24906551206 0
1787576304 34550981 24906563367 0
1787576305 34551453 24906575469 0
1787576306 34551897 24906587579 0
1787576307 34552189 24906599591 0
1787576308 34552981 24906609758 0
1787576309 34554056 24906619648 0
1787576310 34555108 24906629819 0
1787576311 34555763 24906640857 0
1787576312 34555946 24906652975 0
1787576313 34556116 24906665400 0
1787576314 34556287 24906677761 0
1787576315 34556419 24906690075 0
1787576316 34556564 24906702439 0
1787576317 34556744 24906714759 0
1787576318 34556876 24906727039 0
1787576319 34557034 24906739295 0
1787576320 34557159 24906751514 0
1787576322 34557315 24906763783 0
1787576323 34557461 24906776074 0
1787576324 34557603 24906788439 0
1787576325 34557725 24906800745 0
1787576326 34557779 24906812907 0
1787576327 34557823 24906825074 0
