1787575848 34433364 24901274110 0
1787575849 34433606 24901286392 0
1787575850 34433866 24901298528 0
1787575851 34434057 24901310732 0
1787575852 34434267 24901322922 0
1787575853 34434422 24901335078 0
1787575854 34434642 24901347164 0
1787575855 34435029 24901359316 0
1787575856 34435538 24901371343 0
1787575857 34435849 24901383395 0
1787575858 34436633 24901393838 0
1787575859 34437633 24901403583 0
1787575860 34438700 24901413854 0
1787575861 34439413 24901423241 0
1787575862 34439570 24901435497 0
1787575863 34439718 24901447629 0
1787575864 34439834 24901459869 0
1787575865 34439985 24901472219 0
1787575866 34440132 24901484395 0
1787575867 34440278 24901496709 0
1787575868 34440413 24901509047 0
1787575869 34440577 24901521290 0
1787575870 34440713 24901533737 0
1787575871 34440845 24901546057 0
1787575872 34440971 24901558423 0
1787575873 34441120 24901570793 0
1787575874 34441251 24901583108 0
1787575875 34441394 24901595589 0
1787575876 34441531 24901607924 0
1787575877 34441729 24901620300 0
1787575878 34441941 24901632540 0
1787575880 34442244 24901644727 0
1787575881 34442447 24901657094 0
1787575882 34442584 24901669589 0
1787575883 34442821 24901681730 0
1787575884 34443353 24901693871 0
1787575885 34443709 24901705865 0
1787575886 34444243 24901717387 0
1787575887 34445103 24901727253 0
1787575888 34446077 24901737203 0
1787575889 34447149 24901747021 0
1787575890 34447554 24901758632 0
1787575891 34447730 24901770786 0
1787575892 34447862 24901782957 0
1787575893 34447978 24901795216 0
1787575894 34448122 24901807375 0
1787575895 34448306 24901819441 0
1787575896 34448436 24901831640 0
1787575897 34448583 24901843902 0
1787575898 34448708 24901856149 0
1787575899 34448829 24901868412 0
1787575900 34448925 24901880602 0
1787575901 34449095 24901893145 0
1787575902 34449215 24901905544 0
1787575903 34449358 24901917934 0
1787575904 34449517 24901930317 0
1787575905 34449655 24901942595 0
1787575906 34449785 24901955000 0
1787575907 34449906 24901967298 0
1787575908 34450131 24901979630 0
1787575909 34450345 24901991906 0
1787575911 34450493 24902004164 0
1787575912 34450539 24902016541 0
