1787578438 35135189 24931279874 0
1787578439 35136198 24931289302 0
1787578440 35137345 24931300428 0
1787578441 35137927 24931311217 0
1787578442 35138092 24931323347 0
1787578443 35138253 24931335444 0
1787578444 35138395 24931347649 0
1787578445 35138559 24931359773 0
1787578446 35138676 24931371931 0
1787578447 35138815 24931384246 0
1787578448 35138963 24931396443 0
1787578449 35139150 24931408626 0
1787578451 35139312 24931420877 0
1787578452 35139468 24931433149 0
1787578453 35139619 24931445247 0
1787578454 35139759 24931457525 0
1787578455 35139945 24931469850 0
1787578456 35140083 24931482118 0
1787578457 35140240 24931494417 0
1787578458 35140383 24931506654 0
1787578459 35140627 24931519322 0
1787578460 35140879 24931531480 0
1787578461 35141001 24931543662 0
1787578462 35141267 24931555921 0
1787578463 35141443 24931568093 0
1787578464 35141743 24931580151 0
1787578465 35142132 24931592309 0
1787578466 35142547 24931604621 0
1787578467 35142809 24931616775 0
1787578468 35143615 24931627237 0
1787578469 35144544 24931637444 0
1787578470 35145573 24931647484 0
1787578471 35146614 24931657324 0
1787578472 35147056 24931668720 0
1787578473 35147244 24931680837 0
1787578474 35147443 24931692981 0
1787578475 35147590 24931705060 0
1787578476 35147746 24931717185 0
1787578477 35147868 24931729427 0
1787578478 35147982 24931741791 0
1787578479 35148118 24931754138 0
1787578480 35148256 24931766468 0
1787578481 35148404 24931778779 0
1787578483 35148541 24931791048 0
1787578484 35148700 24931803326 0
1787578485 35148835 24931815564 0
1787578486 35148963 24931827821 0
1787578487 35149098 24931840065 0
1787578488 35149261 24931852275 0
1787578489 35149445 24931864385 0
1787578490 35149695 24931876575 0
1787578491 35149859 24931888656 0
1787578492 35150048 24931900963 0
1787578493 35150256 24931913087 0
1787578494 35150546 24931925118 0
1787578495 35150998 24931937041 0
1787578496 35151357 24931949162 0
1787578497 35151698 24931961247 0
1787578498 35152480 24931971107 0
1787578499 35153428 24931980751 0
1787578500 35154526 24931990593 0
1787578501 35155737 24932002064 0
1787578502 35155989 24932013958 0
