1787575096 34219335 24892599468 0
1787575097 34219653 24892611508 0
1787575098 34219935 24892623503 0
1787575099 34220320 24892635379 0
1787575100 34220683 24892647404 0
1787575101 34221052 24892659320 0
1787575102 34221321 24892671371 0
1787575103 34221799 24892683082 0
1787575104 34222333 24892694821 0
1787575105 34223002 24892706632 0
1787575106 34223411 24892718513 0
1787575107 34224117 24892729841 0
1787575108 34225056 24892738913 0
1787575109 34226198 24892748734 0
1787575110 34227336 24892758582 0
1787575111 34228103 24892769205 0
1787575112 34228496 24892781225 0
1787575113 34228790 24892793336 0
1787575114 34229092 24892805340 0
1787575115 34229439 24892817303 0
1787575116 34229678 24892829334 0
1787575117 34229993 24892841464 0
1787575118 34230328 24892853549 0
1787575119 34230641 24892865473 0
1787575120 34230979 24892877494 0
1787575121 34231295 24892889589 0
1787575122 34231586 24892901543 0
1787575123 34231898 24892913537 0
1787575124 34232209 24892925655 0
1787575125 34232517 24892937772 0
1787575126 34232841 24892949782 0
1787575127 34233160 24892961863 0
1787575128 34233568 24892973924 0
1787575129 34234064 24892985811 0
1787575130 34234399 24892997767 0
1787575131 34234770 24893009763 0
1787575133 34235132 24893021759 0
1787575134 34235663 24893033498 0
1787575135 34236329 24893045124 0
1787575136 34236746 24893056915 0
1787575137 34237353 24893068312 0
1787575138 34238241 24893077464 0
1787575139 34239331 24893087253 0
1787575140 34240370 24893096811 0
1787575141 34241352 24893106967 0
1787575142 34241577 24893118944 0
1787575143 34241803 24893131065 0
1787575144 34242058 24893143116 0
1787575145 34242319 24893155131 0
1787575146 34242607 24893167240 0
1787575147 34242841 24893179270 0
1787575148 34243124 24893191221 0
1787575149 34243440 24893203243 0
1787575150 34243752 24893215189 0
1787575151 34244048 24893227140 0
1787575152 34244364 24893239117 0
1787575153 34244698 24893251031 0
1787575154 34244994 24893262925 0
1787575155 34245347 24893274791 0
1787575156 34245699 24893286727 0
1787575157 34245979 24893298737 0
1787575158 34246265 24893310818 0
1787575159 34246789 24893322625 0
