1787575848 34433367 24901274237 0
1787575849 34433608 24901286480 0
1787575850 34433868 24901298597 0
1787575851 34434060 24901310801 0
1787575852 34434269 24901323037 0
1787575853 34434426 24901335262 0
1787575854 34434650 24901347464 0
1787575855 34435040 24901359539 0
1787575856 34435548 24901371591 0
1787575857 34435859 24901383704 0
1787575858 34436653 24901394141 0
1787575859 34437655 24901403789 0
1787575860 34438775 24901414391 0
1787575861 34439428 24901423941 0
1787575862 34439583 24901436085 0
1787575863 34439725 24901448279 0
1787575864 34439847 24901460682 0
1787575865 34439994 24901472767 0
1787575866 34440141 24901484989 0
1787575867 34440284 24901497236 0
1787575868 34440425 24901509588 0
1787575869 34440583 24901521971 0
1787575870 34440717 24901534272 0
1787575871 34440854 24901546605 0
1787575872 34440977 24901558987 0
1787575873 34441127 24901571208 0
1787575874 34441260 24901583504 0
1787575875 34441401 24901595864 0
1787575876 34441537 24901608206 0
1787575877 34441733 24901620470 0
1787575878 34441942 24901632602 0
1787575880 34442244 24901644736 0
1787575881 34442442 24901656903 0
1787575882 34442580 24901669086 0
1787575883 34442800 24901681067 0
1787575884 34443320 24901693164 0
1787575885 34443688 24901705104 0
1787575886 34444186 24901716700 0
1787575887 34445048 24901726705 0
1787575888 34445963 24901736201 0
1787575889 34447143 24901746977 0
1787575890 34447552 24901758475 0
1787575891 34447726 24901770601 0
1787575892 34447859 24901782679 0
1787575893 34447973 24901794955 0
1787575894 34448120 24901807213 0
1787575895 34448305 24901819273 0
1787575896 34448437 24901831663 0
1787575897 34448583 24901843905 0
1787575898 34448710 24901856205 0
1787575899 34448829 24901868416 0
1787575900 34448924 24901880550 0
1787575901 34449090 24901892763 0
1787575902 34449206 24901904892 0
1787575903 34449350 24901917314 0
1787575904 34449501 24901929552 0
1787575905 34449653 24901942057 0
1787575906 34449779 24901954391 0
1787575907 34449901 24901966786 0
1787575908 34450118 24901979014 0
1787575909 34450332 24901991147 0
1787575910 34450485 24902003373 0
1787575911 34450528 24902015709 0
1787575912 34450646 24902027762 0
