1787575096 34219338 24892599546 0
1787575097 34219660 24892611677 0
1787575098 34219937 24892623579 0
1787575099 34220324 24892635454 0
1787575100 34220685 24892647412 0
1787575101 34221058 24892659488 0
1787575102 34221323 24892671460 0
1787575103 34221805 24892683188 0
1787575104 34222355 24892695188 0
1787575105 34223014 24892706928 0
1787575106 34223420 24892718722 0
1787575107 34224117 24892729838 0
1787575108 34225080 24892739102 0
1787575109 34226270 24892749327 0
1787575110 34227366 24892758814 0
1787575111 34228132 24892770006 0
1787575112 34228516 24892781967 0
1787575113 34228804 24892793971 0
1787575114 34229107 24892805954 0
1787575115 34229456 24892817903 0
1787575116 34229690 24892829903 0
1787575117 34230003 24892841927 0
1787575118 34230339 24892853927 0
1787575119 34230655 24892866048 0
1787575120 34231000 24892878142 0
1787575121 34231305 24892890102 0
1787575122 34231606 24892902101 0
1787575123 34231917 24892914302 0
1787575124 34232226 24892926423 0
1787575125 34232538 24892938562 0
1787575126 34232861 24892950508 0
1787575127 34233178 24892962500 0
1787575128 34233587 24892974536 0
1787575129 34234083 24892986407 0
1787575131 34234422 24892998370 0
1787575132 34234786 24893010322 0
1787575133 34235144 24893022109 0
1787575134 34235684 24893033844 0
1787575135 34236361 24893045577 0
1787575136 34236769 24893057415 0
1787575137 34237404 24893068566 0
1787575138 34238256 24893077603 0
1787575139 34239351 24893087520 0
1787575140 34240424 24893097245 0
1787575141 34241378 24893107810 0
1787575142 34241592 24893119829 0
1787575143 34241824 24893131981 0
1787575144 34242076 24893144106 0
1787575145 34242346 24893156283 0
1787575146 34242627 24893168280 0
1787575147 34242857 24893180410 0
1787575148 34243157 24893192461 0
1787575149 34243470 24893204313 0
1787575150 34243780 24893216208 0
1787575151 34244078 24893228181 0
1787575152 34244394 24893240107 0
1787575153 34244723 24893252032 0
1787575154 34245023 24893263936 0
1787575155 34245384 24893275775 0
1787575156 34245724 24893287794 0
1787575157 34246004 24893299861 0
1787575158 34246306 24893311774 0
1787575159 34246821 24893323393 0
