1787578438 35135191 24931279894 0
1787578439 35136200 24931289315 0
1787578440 35137329 24931300278 0
1787578441 35137925 24931311056 0
1787578442 35138089 24931323260 0
1787578443 35138252 24931335400 0
1787578444 35138393 24931347592 0
1787578445 35138560 24931359791 0
1787578446 35138676 24931371996 0
1787578447 35138815 24931384246 0
1787578448 35138963 24931396444 0
1787578449 35139150 24931408646 0
1787578451 35139313 24931420930 0
1787578452 35139466 24931433069 0
1787578453 35139617 24931445184 0
1787578454 35139758 24931457503 0
1787578455 35139944 24931469834 0
1787578456 35140082 24931482089 0
1787578457 35140238 24931494338 0
1787578458 35140382 24931506621 0
1787578459 35140617 24931519049 0
1787578460 35140860 24931531261 0
1787578461 35140997 24931543439 0
1787578462 35141258 24931555716 0
1787578463 35141439 24931567954 0
1787578464 35141743 24931580158 0
1787578465 35142132 24931592299 0
1787578466 35142538 24931604362 0
1787578467 35142800 24931616549 0
1787578468 35143592 24931626999 0
1787578469 35144539 24931637375 0
1787578470 35145551 24931647311 0
1787578471 35146607 24931657265 0
1787578472 35147053 24931668492 0
1787578473 35147241 24931680665 0
1787578474 35147439 24931692745 0
1787578475 35147586 24931704831 0
1787578476 35147742 24931716956 0
1787578477 35147863 24931729166 0
1787578478 35147977 24931741319 0
1787578479 35148108 24931753458 0
1787578480 35148245 24931765689 0
1787578481 35148395 24931778123 0
1787578482 35148533 24931790273 0
1787578483 35148681 24931802415 0
1787578484 35148819 24931814619 0
1787578486 35148951 24931826833 0
1787578487 35149084 24931839271 0
1787578488 35149253 24931851540 0
1787578489 35149428 24931863687 0
1787578490 35149684 24931875815 0
1787578491 35149848 24931887952 0
1787578492 35150030 24931900105 0
1787578493 35150245 24931912311 0
1787578494 35150529 24931924519 0
1787578495 35150966 24931936484 0
1787578496 35151347 24931948581 0
1787578497 35151679 24931960679 0
1787578498 35152462 24931970900 0
1787578499 35153489 24931981435 0
1787578500 35154563 24931991030 0
1787578501 35155687 24932001518 0
1787578502 35155978 24932013367 0
