1787574932 34153809 24890736314 0
1787574933 34154103 24890748299 0
1787574934 34154407 24890760332 0
1787574935 34154689 24890772248 0
1787574936 34154972 24890784187 0
1787574937 34155281 24890796193 0
1787574938 34155563 24890808190 0
1787574939 34155856 24890820189 0
1787574940 34156167 24890832225 0
1787574941 34156458 24890844404 0
1787574942 34156752 24890856475 0
1787574943 34157072 24890868559 0
1787574944 34157386 24890880576 0
1787574945 34157657 24890892658 0
1787574947 34157791 24890905062 0
1787574948 34157913 24890917440 0
1787574949 34158099 24890929654 0
1787574950 34158337 24890941752 0
1787574951 34158514 24890953855 0
1787574952 34158861 24890965799 0
1787574953 34159175 24890977673 0
1787574954 34159585 24890989349 0
1787574955 34160133 24891001082 0
1787574956 34160861 24891012949 0
1787574957 34161314 24891024666 0
1787574958 34162162 24891034259 0
1787574959 34163237 24891044215 0
1787574960 34164345 24891054234 0
1787574961 34165511 24891064301 0
1787574962 34165914 24891076253 0
1787574963 34166335 24891088199 0
1787574964 34166664 24891100093 0
1787574965 34166949 24891111962 0
1787574966 34167266 24891124123 0
1787574967 34167591 24891136043 0
1787574968 34167910 24891147956 0
1787574969 34168248 24891160257 0
1787574970 34168541 24891172330 0
1787574971 34168846 24891184472 0
1787574972 34169141 24891196494 0
1787574973 34169449 24891208488 0
1787574974 34169755 24891220584 0
1787574975 34170014 24891232646 0
1787574976 34170280 24891244843 0
1787574977 34170582 24891256899 0
1787574978 34170935 24891268702 0
1787574979 34171375 24891280838 0
1787574980 34171706 24891292723 0
1787574981 34172007 24891304686 0
1787574982 34172355 24891316512 0
1787574983 34172874 24891328245 0
1787574985 34173507 24891339960 0
1787574986 34174037 24891351956 0
1787574987 34174904 24891362835 0
1787574988 34176023 24891372661 0
1787574989 34177059 24891382325 0
1787574990 34178138 24891392409 0
1787574991 34178607 24891403938 0
1787574992 34178985 24891415915 0
1787574993 34179332 24891427857 0
1787574994 34179593 24891439789 0
1787574995 34179860 24891451772 0
1787574996 34180117 24891463738 0
