1787574932 34153807 24890736289 0
1787574933 34154103 24890748292 0
1787574934 34154404 24890760195 0
1787574935 34154686 24890772154 0
1787574936 34154971 24890784162 0
1787574937 34155283 24890796304 0
1787574938 34155565 24890808219 0
1787574939 34155858 24890820221 0
1787574940 34156167 24890832216 0
1787574941 34156455 24890844309 0
1787574942 34156745 24890856267 0
1787574943 34157067 24890868424 0
1787574944 34157383 24890880493 0
1787574945 34157649 24890892422 0
1787574946 34157786 24890904696 0
1787574948 34157907 24890917022 0
1787574949 34158091 24890929227 0
1787574950 34158320 24890941381 0
1787574951 34158501 24890953557 0
1787574952 34158856 24890965552 0
1787574953 34159171 24890977573 0
1787574954 34159585 24890989376 0
1787574955 34160137 24891001144 0
1787574956 34160865 24891013022 0
1787574957 34161317 24891024743 0
1787574958 34162175 24891034361 0
1787574959 34163248 24891044307 0
1787574960 34164366 24891054435 0
1787574961 34165528 24891064663 0
1787574962 34165925 24891076676 0
1787574963 34166351 24891088609 0
1787574964 34166674 24891100508 0
1787574965 34166966 24891112528 0
1787574966 34167273 24891124354 0
1787574967 34167598 24891136295 0
1787574968 34167919 24891148199 0
1787574969 34168239 24891160078 0
1787574970 34168536 24891172156 0
1787574971 34168838 24891184143 0
1787574972 34169129 24891196122 0
1787574973 34169436 24891208106 0
1787574974 34169742 24891220169 0
1787574975 34170008 24891232294 0
1787574976 34170261 24891244229 0
1787574977 34170562 24891256248 0
1787574978 34170907 24891268044 0
1787574979 34171343 24891279844 0
1787574980 34171676 24891291746 0
1787574981 34171980 24891303735 0
1787574982 34172331 24891315545 0
1787574983 34172830 24891327448 0
1787574984 34173461 24891339113 0
1787574985 34173989 24891351062 0
1787574987 34174800 24891361705 0
1787574988 34175919 24891371912 0
1787574989 34177002 24891381826 0
1787574990 34178089 24891392068 0
1787574991 34178599 24891403697 0
1787574992 34178977 24891415639 0
1787574993 34179327 24891427631 0
1787574994 34179587 24891439604 0
1787574995 34179856 24891451624 0
1787574996 34180115 24891463682 0
