1787576263 34540374 24906082337 0
1787576264 34540519 24906094728 0
1787576265 34540643 24906107048 0
1787576266 34540780 24906119492 0
1787576267 34540947 24906132069 0
1787576268 34541131 24906144230 0
1787576269 34541414 24906156398 0
1787576270 34541600 24906168739 0
1787576271 34541782 24906181006 0
1787576272 34541950 24906193175 0
1787576273 34542239 24906205068 0
1787576274 34542665 24906217071 0
1787576275 34543122 24906229299 0
1787576276 34543496 24906241222 0
1787576277 34544410 24906250172 0
1787576278 34545474 24906259959 0
1787576279 34546435 24906269879 0
1787576280 34547013 24906281601 0
1787576281 34547154 24906293700 0
1787576282 34547283 24906306012 0
1787576283 34547438 24906318149 0
1787576284 34547617 24906330400 0
1787576285 34547754 24906342629 0
1787576287 34547905 24906355024 0
1787576288 34548093 24906367276 0
1787576289 34548268 24906379876 0
1787576290 34548419 24906392225 0
1787576291 34548556 24906404578 0
1787576292 34548704 24906416930 0
1787576293 34548864 24906429079 0
1787576294 34549018 24906441416 0
1787576295 34549150 24906453635 0
1787576296 34549291 24906466301 0
1787576297 34549460 24906478937 0
1787576298 34549658 24906492213 0
1787576299 34549941 24906505425 0
1787576300 34550255 24906517552 0
1787576301 34550400 24906529819 0
1787576302 34550578 24906542104 0
1787576303 34550763 24906554279 0
1787576304 34551106 24906566349 0
1787576305 34551603 24906578486 0
1787576306 34551960 24906590683 0
1787576307 34552330 24906602582 0
1787576308 34553301 24906612624 0
1787576309 34554367 24906622642 0
1787576310 34555461 24906632858 0
1787576312 34555819 24906644482 0
1787576313 34555995 24906656791 0
1787576314 34556167 24906669173 0
1787576315 34556325 24906681632 0
1787576316 34556473 24906694082 0
1787576317 34556636 24906706356 0
1787576318 34556790 24906718581 0
1787576319 34556933 24906730867 0
1787576320 34557074 24906743091 0
1787576321 34557232 24906755400 0
1787576322 34557379 24906768517 0
1787576323 34557525 24906780787 0
1787576324 34557660 24906793121 0
1787576325 34557755 24906805774 0
1787576326 34557802 24906818089 0
1787576327 34557846 24906830348 0
