1787575848 34433362 24901274069 0
1787575849 34433606 24901286358 0
1787575850 34433866 24901298532 0
1787575851 34434058 24901310765 0
1787575852 34434268 24901322962 0
1787575853 34434424 24901335218 0
1787575854 34434652 24901347488 0
1787575855 34435042 24901359573 0
1787575856 34435553 24901371713 0
1787575857 34435862 24901383829 0
1787575858 34436661 24901394244 0
1787575859 34437669 24901403944 0
1787575860 34438749 24901414205 0
1787575861 34439422 24901423661 0
1787575862 34439577 24901435796 0
1787575863 34439722 24901447957 0
1787575864 34439840 24901460168 0
1787575865 34439988 24901472380 0
1787575866 34440136 24901484525 0
1787575867 34440281 24901496905 0
1787575868 34440415 24901509152 0
1787575869 34440585 24901522042 0
1787575870 34440717 24901534257 0
1787575871 34440854 24901546666 0
1787575872 34440977 24901559009 0
1787575873 34441127 24901571195 0
1787575874 34441261 24901583513 0
1787575875 34441398 24901595747 0
1787575876 34441534 24901608016 0
1787575878 34441738 24901621065 0
1787575879 34441957 24901633249 0
1787575880 34442256 24901645348 0
1787575881 34442459 24901657556 0
1787575882 34442585 24901669777 0
1787575883 34442821 24901681745 0
1787575884 34443347 24901693778 0
1787575885 34443706 24901705735 0
1787575886 34444230 24901717232 0
1787575887 34445076 24901726961 0
1787575888 34446034 24901736850 0
1787575889 34447154 24901747047 0
1787575890 34447554 24901758652 0
1787575891 34447730 24901770784 0
1787575892 34447862 24901782888 0
1787575893 34447976 24901795084 0
1787575894 34448129 24901807691 0
1787575895 34448316 24901820653 0
1787575896 34448463 24901833100 0
1787575897 34448597 24901845461 0
1787575898 34448721 24901857737 0
1787575899 34448841 24901869987 0
1787575900 34448941 24901882142 0
1787575901 34449114 24901894532 0
1787575902 34449235 24901906755 0
1787575903 34449370 24901918987 0
1787575904 34449528 24901931235 0
1787575905 34449665 24901943520 0
1787575906 34449794 24901955696 0
1787575907 34449915 24901967966 0
1787575908 34450146 24901980178 0
1787575910 34450349 24901992346 0
1787575911 34450496 24902004528 0
1787575912 34450544 24902016915 0
