1787578438 35135189 24931279875 0
1787578439 35136209 24931289388 0
1787578440 35137441 24931301635 0
1787578442 35137967 24931314104 0
1787578443 35138145 24931326921 0
1787578444 35138303 24931340065 0
1787578445 35138449 24931352982 0
1787578446 35138617 24931365218 0
1787578447 35138736 24931377664 0
1787578448 35138867 24931389929 0
1787578449 35139049 24931402182 0
1787578450 35139220 24931414931 0
1787578451 35139386 24931427131 0
1787578452 35139546 24931439285 0
1787578453 35139701 24931451537 0
1787578454 35139855 24931463815 0
1787578455 35140014 24931475938 0
1787578456 35140149 24931488185 0
1787578457 35140319 24931500340 0
1787578458 35140472 24931512662 0
1787578459 35140721 24931525070 0
1787578460 35140935 24931537373 0
1787578461 35141127 24931549558 0
1787578462 35141333 24931562655 0
1787578463 35141601 24931575489 0
1787578465 35141937 24931587554 0
1787578466 35142367 24931599669 0
1787578467 35142706 24931612089 0
1787578468 35143377 24931624242 0
1787578469 35144435 24931636206 0
1787578470 35145470 24931646688 0
1787578471 35146630 24931657434 0
1787578472 35147095 24931671214 0
1787578473 35147280 24931683328 0
1787578474 35147485 24931695647 0
1787578476 35147620 24931707715 0
1787578477 35147773 24931719831 0
1787578478 35147894 24931732064 0
1787578479 35148002 24931744284 0
1787578480 35148149 24931756761 0
1787578481 35148285 24931769074 0
1787578482 35148441 24931781407 0
1787578483 35148569 24931793766 0
1787578484 35148742 24931805993 0
1787578485 35148851 24931818273 0
1787578486 35148992 24931830489 0
1787578487 35149151 24931843402 0
1787578488 35149306 24931856608 0
1787578489 35149539 24931868722 0
1787578490 35149762 24931881538 0
1787578491 35149947 24931893621 0
1787578492 35150128 24931905816 0
1787578493 35150333 24931917908 0
1787578494 35150687 24931929924 0
1787578495 35151191 24931941911 0
1787578496 35151471 24931954064 0
1787578497 35152015 24931965750 0
1787578498 35152819 24931974815 0
1787578500 35153933 24931985438 0
1787578501 35155272 24931997836 0
1787578502 35155910 24932009791 0
