1787575425 34331178 24896362105 0
1787575426 34331293 24896374408 0
1787575427 34331415 24896386729 0
1787575428 34331610 24896398995 0
1787575430 34331788 24896411410 0
1787575431 34331955 24896423565 0
1787575432 34332065 24896435826 0
1787575433 34332264 24896447986 0
1787575434 34332576 24896460068 0
1787575435 34332984 24896472240 0
1787575436 34333381 24896484379 0
1787575437 34333658 24896496336 0
1787575438 34334330 24896506385 0
1787575439 34335317 24896517238 0
1787575440 34336172 24896526797 0
1787575441 34337160 24896537054 0
1787575442 34337535 24896548703 0
1787575443 34337710 24896560739 0
1787575444 34337854 24896572816 0
1787575445 34337961 24896585069 0
1787575446 34338073 24896597300 0
1787575447 34338194 24896609550 0
1787575448 34338292 24896621761 0
1787575449 34338379 24896634005 0
1787575450 34338512 24896646253 0
1787575451 34338634 24896658562 0
1787575452 34338731 24896670737 0
1787575453 34338841 24896683046 0
1787575454 34338940 24896695332 0
1787575455 34339043 24896707723 0
1787575456 34339142 24896720045 0
1787575457 34339265 24896732232 0
1787575458 34339461 24896744785 0
1787575459 34339749 24896756703 0
1787575460 34339893 24896768958 0
1787575462 34340011 24896781187 0
1787575463 34340220 24896793413 0
1787575464 34340568 24896805558 0
1787575465 34341049 24896817646 0
1787575466 34341338 24896829703 0
1787575467 34342119 24896839543 0
1787575468 34343101 24896849658 0
1787575469 34344112 24896859817 0
1787575470 34345063 24896869675 0
1787575471 34345209 24896881835 0
1787575472 34345325 24896894072 0
1787575473 34345438 24896906305 0
1787575474 34345581 24896918585 0
1787575475 34345696 24896930758 0
1787575476 34345792 24896943005 0
1787575477 34345923 24896955250 0
1787575478 34346044 24896967549 0
1787575479 34346148 24896979754 0
1787575480 34346254 24896992069 0
1787575481 34346383 24897004642 0
1787575482 34346504 24897017016 0
1787575483 34346627 24897029401 0
1787575484 34346738 24897041712 0
1787575485 34346864 24897054037 0
1787575486 34346950 24897066305 0
1787575487 34346997 24897078585 0
1787575488 34347124 24897090900 0
1787575489 34347277 24897103247 0
