1787577979 34995407 24925990557 0
1787577980 34995674 24926002523 0
1787577981 34995967 24926014742 0
1787577982 34996232 24926026793 0
1787577983 34996647 24926038854 0
1787577984 34997166 24926050928 0
1787577985 34997526 24926062916 0
1787577986 34998265 24926073528 0
1787577987 34999212 24926083714 0
1787577988 35000262 24926093655 0
1787577989 35001344 24926103848 0
1787577990 35001629 24926115671 0
1787577991 35001832 24926127939 0
1787577992 35002066 24926140105 0
1787577993 35002233 24926152332 0
1787577994 35002487 24926164504 0
1787577995 35002728 24926176631 0
1787577996 35002946 24926188888 0
1787577997 35003186 24926201014 0
1787577999 35003408 24926213073 0
1787578000 35003638 24926225239 0
1787578001 35003863 24926237424 0
1787578002 35004062 24926249692 0
1787578003 35004260 24926261885 0
1787578004 35004426 24926274114 0
1787578005 35004551 24926286393 0
1787578006 35004760 24926298801 0
1787578007 35004899 24926311066 0
1787578008 35005135 24926323154 0
1787578009 35005378 24926335248 0
1787578010 35005622 24926347411 0
1787578011 35005843 24926359689 0
1787578012 35006050 24926371807 0
1787578013 35006203 24926384074 0
1787578014 35006467 24926396291 0
1787578015 35006928 24926408352 0
1787578016 35007368 24926420323 0
1787578017 35007931 24926431770 0
1787578018 35008816 24926441291 0
1787578019 35009834 24926451595 0
1787578020 35010858 24926461889 0
1787578021 35011595 24926472201 0
1787578022 35012000 24926484239 0
1787578023 35012449 24926496122 0
1787578024 35012827 24926508086 0
1787578025 35013255 24926520074 0
1787578026 35013672 24926531959 0
1787578027 35014049 24926543975 0
1787578028 35014437 24926555921 0
1787578029 35014816 24926568061 0
1787578030 35015201 24926580003 0
1787578031 35015562 24926591918 0
1787578033 35015941 24926603934 0
1787578034 35016324 24926615827 0
1787578035 35016653 24926627887 0
1787578036 35017041 24926639885 0
1787578037 35017398 24926651878 0
1787578038 35017825 24926663861 0
1787578039 35018224 24926675861 0
1787578040 35018699 24926687665 0
1787578041 35019089 24926699637 0
1787578042 35019543 24926711629 0
1787578043 35020037 24926723449 0
