1787574932 34153807 24890736295 0
1787574933 34154103 24890748288 0
1787574934 34154403 24890760178 0
1787574935 34154684 24890772120 0
1787574936 34154965 24890784002 0
1787574937 34155270 24890795937 0
1787574938 34155551 24890807831 0
1787574939 34155854 24890820129 0
1787574940 34156165 24890832155 0
1787574941 34156448 24890844140 0
1787574942 34156742 24890856204 0
1787574943 34157061 24890868241 0
1787574944 34157375 24890880167 0
1787574945 34157646 24890892251 0
1787574946 34157782 24890904447 0
1787574947 34157900 24890916743 0
1787574949 34158086 24890929042 0
1787574950 34158307 24890941220 0
1787574951 34158500 24890953550 0
1787574952 34158861 24890965796 0
1787574953 34159177 24890977706 0
1787574954 34159595 24890989533 0
1787574955 34160146 24891001294 0
1787574956 34160867 24891013054 0
1787574957 34161330 24891024988 0
1787574958 34162195 24891034506 0
1787574959 34163244 24891044271 0
1787574960 34164356 24891054365 0
1787574961 34165533 24891064784 0
1787574962 34165928 24891076752 0
1787574963 34166355 24891088683 0
1787574964 34166678 24891100627 0
1787574965 34166969 24891112629 0
1787574966 34167280 24891124589 0
1787574967 34167603 24891136418 0
1787574968 34167923 24891148314 0
1787574969 34168248 24891160265 0
1787574970 34168542 24891172353 0
1787574971 34168844 24891184392 0
1787574972 34169141 24891196520 0
1787574973 34169451 24891208573 0
1787574974 34169759 24891220674 0
1787574975 34170014 24891232649 0
1787574976 34170272 24891244593 0
1787574977 34170574 24891256584 0
1787574978 34170923 24891268483 0
1787574979 34171356 24891280258 0
1787574980 34171695 24891292277 0
1787574981 34171997 24891304324 0
1787574982 34172345 24891316160 0
1787574983 34172861 24891328000 0
1787574984 34173491 24891339735 0
1787574986 34174020 24891351689 0
1787574987 34174837 24891362185 0
1787574988 34175919 24891371909 0
1787574989 34176998 24891381789 0
1787574990 34178110 24891392181 0
1787574991 34178601 24891403786 0
1787574992 34178980 24891415735 0
1787574993 34179329 24891427673 0
1787574994 34179585 24891439546 0
1787574995 34179853 24891451531 0
1787574996 34180117 24891463724 0
