1787576263 34540375 24906082347 0
1787576264 34540516 24906094603 0
1787576265 34540641 24906106843 0
1787576266 34540777 24906119336 0
1787576267 34540939 24906131653 0
1787576268 34541127 24906143852 0
1787576269 34541407 24906155974 0
1787576270 34541588 24906168205 0
1787576271 34541772 24906180514 0
1787576272 34541940 24906192683 0
1787576273 34542213 24906204461 0
1787576274 34542636 24906216554 0
1787576275 34543108 24906228628 0
1787576276 34543432 24906240614 0
1787576277 34544329 24906249585 0
1787576278 34545447 24906259707 0
1787576279 34546438 24906269903 0
1787576280 34547013 24906281614 0
1787576281 34547152 24906293659 0
1787576282 34547280 24906305852 0
1787576283 34547436 24906318025 0
1787576284 34547617 24906330428 0
1787576285 34547757 24906342708 0
1787576287 34547902 24906354971 0
1787576288 34548093 24906367274 0
1787576289 34548263 24906379525 0
1787576290 34548411 24906391806 0
1787576291 34548547 24906404177 0
1787576292 34548697 24906416565 0
1787576293 34548859 24906428857 0
1787576294 34549008 24906441147 0
1787576295 34549145 24906453451 0
1787576296 34549284 24906465757 0
1787576297 34549441 24906478051 0
1787576298 34549614 24906490326 0
1787576299 34549869 24906502530 0
1787576300 34550204 24906514670 0
1787576301 34550363 24906527025 0
1787576302 34550546 24906539153 0
1787576303 34550704 24906551264 0
1787576304 34550978 24906563308 0
1787576305 34551452 24906575449 0
1787576306 34551897 24906587565 0
1787576307 34552185 24906599506 0
1787576308 34552981 24906609754 0
1787576309 34554050 24906619600 0
1787576310 34555112 24906629853 0
1787576311 34555764 24906641058 0
1787576312 34555951 24906653311 0
1787576313 34556125 24906665650 0
1787576314 34556291 24906678148 0
1787576315 34556426 24906690368 0
1787576316 34556568 24906702589 0
1787576317 34556747 24906714884 0
1787576319 34556876 24906727069 0
1787576320 34557039 24906740151 0
1787576321 34557173 24906752452 0
1787576322 34557332 24906764859 0
1787576323 34557475 24906777340 0
1787576324 34557618 24906789581 0
1787576325 34557736 24906801746 0
1787576326 34557790 24906814002 0
1787576327 34557833 24906826275 0
