1787578836 35261168 24935849376 0
1787578837 35261407 24935861486 0
1787578838 35261609 24935873783 0
1787578839 35261811 24935885864 0
1787578840 35262011 24935898082 0
1787578841 35262190 24935910337 0
1787578842 35262364 24935922467 0
1787578843 35262541 24935934632 0
1787578844 35262753 24935946762 0
1787578845 35262949 24935958851 0
1787578846 35263166 24935971001 0
1787578847 35263358 24935983180 0
1787578848 35263554 24935995161 0
1787578849 35263923 24936007128 0
1787578850 35264117 24936019404 0
1787578851 35264291 24936031677 0
1787578852 35264467 24936043843 0
1787578853 35264766 24936055693 0
1787578854 35265245 24936067780 0
1787578855 35265625 24936079881 0
1787578857 35266243 24936090845 0
1787578858 35267336 24936101080 0
1787578859 35268426 24936111170 0
1787578860 35269404 24936121078 0
1787578861 35269561 24936133278 0
1787578862 35269711 24936145372 0
1787578863 35269863 24936157632 0
1787578864 35270011 24936169776 0
1787578865 35270152 24936182127 0
1787578866 35270295 24936194397 0
1787578867 35270428 24936206749 0
1787578868 35270599 24936219372 0
1787578869 35270779 24936231832 0
1787578870 35270960 24936244040 0
1787578871 35271109 24936256221 0
1787578872 35271219 24936268554 0
1787578873 35271392 24936280837 0
1787578874 35271527 24936292983 0
1787578875 35271646 24936305231 0
1787578876 35271769 24936317536 0
1787578877 35271894 24936329872 0
1787578878 35272010 24936342090 0
1787578879 35272272 24936354379 0
1787578880 35272437 24936366513 0
1787578881 35272609 24936378762 0
1787578882 35272774 24936390995 0
1787578883 35272983 24936403197 0
1787578884 35273314 24936415285 0
1787578885 35273802 24936427324 0
1787578886 35274060 24936439358 0
1787578887 35274882 24936449132 0
1787578888 35275836 24936458954 0
1787578890 35276842 24936469176 0
1787578891 35277639 24936479515 0
1787578892 35277734 24936491632 0
1787578893 35277887 24936503876 0
1787578894 35278059 24936516166 0
1787578895 35278194 24936528344 0
1787578896 35278322 24936540608 0
1787578897 35278458 24936552915 0
1787578898 35278548 24936565246 0
1787578899 35278711 24936577510 0
1787578900 35278871 24936589767 0
