1787579385 35422436 24942189211 0
1787579386 35422566 24942201438 0
1787579387 35422666 24942213838 0
1787579388 35422813 24942226354 0
1787579389 35423059 24942238524 0
1787579390 35423233 24942250749 0
1787579391 35423439 24942262880 0
1787579392 35423600 24942275085 0
1787579393 35423873 24942286655 0
1787579394 35424338 24942298809 0
1787579395 35424727 24942310877 0
1787579396 35425449 24942322158 0
1787579397 35426321 24942331420 0
1787579398 35427393 24942341537 0
1787579399 35428337 24942350676 0
1787579400 35428529 24942362875 0
1787579401 35428675 24942375075 0
1787579402 35428830 24942387238 0
1787579403 35428977 24942399376 0
1787579404 35429128 24942411571 0
1787579405 35429282 24942423742 0
1787579407 35429443 24942435982 0
1787579408 35429608 24942448190 0
1787579409 35429746 24942460298 0
1787579410 35429894 24942472430 0
1787579411 35430054 24942484595 0
1787579412 35430192 24942496802 0
1787579413 35430294 24942508930 0
1787579414 35430458 24942521263 0
1787579415 35430631 24942533447 0
1787579416 35430783 24942545687 0
1787579417 35430874 24942557976 0
1787579418 35430984 24942570154 0
1787579419 35431209 24942582599 0
1787579420 35431317 24942594804 0
1787579421 35431493 24942606895 0
1787579422 35431620 24942619140 0
1787579423 35431939 24942631117 0
1787579424 35432514 24942643185 0
1787579425 35432948 24942654908 0
1787579426 35434142 24942664988 0
1787579427 35435333 24942674841 0
1787579428 35436128 24942685362 0
1787579429 35436267 24942697516 0
1787579430 35436399 24942709622 0
1787579431 35436558 24942721791 0
1787579432 35436682 24942733926 0
1787579433 35436805 24942746079 0
1787579434 35436940 24942758350 0
1787579435 35437075 24942770515 0
1787579436 35437218 24942782817 0
1787579437 35437338 24942794938 0
1787579438 35437489 24942807208 0
1787579439 35437607 24942819644 0
1787579440 35437723 24942831859 0
1787579441 35437850 24942844058 0
1787579442 35437981 24942856249 0
1787579443 35438143 24942868454 0
1787579444 35438250 24942880637 0
1787579445 35438382 24942892916 0
1787579446 35438510 24942905235 0
1787579447 35438690 24942917469 0
1787579449 35438918 24942929573 0
