1787576849 34688999 24912901805 0
1787576850 34689917 24912912387 0
1787576851 34690104 24912925152 0
1787576852 34690286 24912937301 0
1787576853 34690404 24912949637 0
1787576854 34690564 24912961792 0
1787576855 34690690 24912973982 0
1787576856 34690873 24912986153 0
1787576857 34691036 24912998314 0
1787576858 34691195 24913011227 0
1787576859 34691325 24913023341 0
1787576860 34691482 24913035592 0
1787576861 34691604 24913047924 0
1787576862 34691765 24913060335 0
1787576863 34691912 24913072677 0
1787576864 34692029 24913084972 0
1787576865 34692174 24913097164 0
1787576866 34692306 24913109310 0
1787576867 34692493 24913121758 0
1787576868 34692715 24913134030 0
1787576869 34692987 24913146216 0
1787576870 34693178 24913158723 0
1787576871 34693379 24913170961 0
1787576873 34693653 24913183768 0
1787576874 34694172 24913196063 0
1787576875 34694570 24913208592 0
1787576876 34695310 24913220342 0
1787576877 34696292 24913229769 0
1787576878 34697338 24913240047 0
1787576879 34698363 24913250658 0
1787576880 34698508 24913262785 0
1787576881 34698653 24913274950 0
1787576882 34698778 24913287099 0
1787576883 34698968 24913299207 0
1787576884 34699118 24913311325 0
1787576885 34699228 24913323498 0
1787576886 34699385 24913335780 0
1787576887 34699534 24913347959 0
1787576888 34699695 24913360121 0
1787576889 34699835 24913372379 0
1787576890 34699993 24913384561 0
1787576891 34700129 24913396817 0
1787576892 34700248 24913408997 0
1787576893 34700387 24913421277 0
1787576894 34700534 24913433405 0
1787576895 34700688 24913445642 0
1787576896 34700812 24913457866 0
1787576897 34700947 24913470136 0
1787576898 34701130 24913482529 0
1787576899 34701348 24913494505 0
1787576900 34701539 24913506763 0
1787576901 34701696 24913518862 0
1787576902 34702016 24913530726 0
1787576903 34702609 24913542742 0
1787576905 34702991 24913555118 0
1787576906 34703878 24913565209 0
1787576907 34705068 24913575125 0
1787576908 34706037 24913585171 0
1787576909 34706735 24913597025 0
1787576910 34706897 24913609067 0
1787576911 34707058 24913621254 0
1787576912 34707210 24913634049 0
1787576913 34707308 24913646206 0
