1787579058 35319362 24938426707 0
1787579059 35319723 24938438751 0
1787579060 35319979 24938450852 0
1787579061 35320195 24938462875 0
1787579062 35320511 24938474603 0
1787579063 35321123 24938486688 0
1787579064 35321630 24938498519 0
1787579066 35322386 24938509948 0
1787579067 35323482 24938519768 0
1787579068 35324728 24938530152 0
1787579069 35325727 24938540548 0
1787579070 35325904 24938552607 0
1787579071 35326131 24938564641 0
1787579072 35326349 24938576711 0
1787579073 35326596 24938588680 0
1787579074 35326809 24938600672 0
1787579075 35327029 24938612805 0
1787579076 35327271 24938625108 0
1787579077 35327489 24938637205 0
1787579078 35327715 24938649192 0
1787579079 35327917 24938661259 0
1787579080 35328140 24938673444 0
1787579081 35328362 24938685449 0
1787579082 35328618 24938697628 0
1787579083 35328814 24938709928 0
1787579084 35329048 24938722049 0
1787579085 35329222 24938734101 0
1787579086 35329407 24938746238 0
1787579087 35329590 24938758502 0
1787579088 35329807 24938770728 0
1787579089 35330094 24938782754 0
1787579090 35330370 24938794885 0
1787579091 35330621 24938806978 0
1787579092 35330837 24938819007 0
1787579093 35331133 24938831044 0
1787579094 35331659 24938842963 0
1787579095 35332150 24938854788 0
1787579096 35332645 24938866582 0
1787579097 35333394 24938875817 0
1787579098 35334456 24938885688 0
1787579099 35335575 24938895690 0
1787579100 35336571 24938905607 0
1787579102 35336813 24938917677 0
1787579103 35337055 24938929847 0
1787579104 35337267 24938941979 0
1787579105 35337472 24938954234 0
1787579106 35337736 24938966313 0
1787579107 35338023 24938978486 0
1787579108 35338240 24938990624 0
1787579109 35338495 24939002979 0
1787579110 35338742 24939015137 0
1787579111 35338928 24939027404 0
1787579112 35339143 24939039448 0
1787579113 35339392 24939051579 0
1787579114 35339573 24939063808 0
1787579115 35339789 24939076015 0
1787579116 35339976 24939088144 0
1787579117 35340175 24939100475 0
1787579118 35340361 24939112799 0
1787579119 35340675 24939124874 0
1787579120 35340883 24939136957 0
1787579121 35341174 24939149132 0
1787579122 35341511 24939161155 0
