1787576849 34688995 24912901775 0
1787576850 34689912 24912912259 0
1787576851 34690096 24912924508 0
1787576852 34690282 24912936715 0
1787576853 34690394 24912948862 0
1787576854 34690555 24912961142 0
1787576855 34690678 24912973260 0
1787576856 34690854 24912985444 0
1787576857 34691015 24912997711 0
1787576858 34691180 24913010034 0
1787576859 34691308 24913022215 0
1787576860 34691465 24913034329 0
1787576861 34691592 24913046545 0
1787576862 34691742 24913058799 0
1787576863 34691898 24913071194 0
1787576864 34692018 24913083426 0
1787576865 34692162 24913095711 0
1787576866 34692292 24913107932 0
1787576867 34692474 24913120235 0
1787576868 34692677 24913132406 0
1787576869 34692958 24913144520 0
1787576870 34693128 24913156901 0
1787576871 34693341 24913169126 0
1787576872 34693581 24913181186 0
1787576873 34694029 24913193205 0
1787576874 34694490 24913205387 0
1787576875 34694945 24913217147 0
1787576876 34695871 24913226566 0
1787576878 34696943 24913236541 0
1787576879 34698072 24913246911 0
1787576880 34698452 24913258500 0
1787576881 34698604 24913270602 0
1787576882 34698732 24913282867 0
1787576883 34698929 24913294957 0
1787576884 34699074 24913307083 0
1787576885 34699192 24913319491 0
1787576886 34699325 24913331664 0
1787576887 34699490 24913343767 0
1787576888 34699646 24913355972 0
1787576889 34699785 24913368129 0
1787576890 34699930 24913380313 0
1787576891 34700075 24913392659 0
1787576892 34700198 24913404871 0
1787576893 34700341 24913417162 0
1787576894 34700504 24913429437 0
1787576895 34700650 24913441620 0
1787576896 34700779 24913453894 0
1787576897 34700902 24913466100 0
1787576898 34701040 24913478240 0
1787576899 34701282 24913490292 0
1787576900 34701481 24913502682 0
1787576901 34701642 24913514816 0
1787576902 34701886 24913526779 0
1787576903 34702376 24913538777 0
1787576904 34702883 24913550843 0
1787576905 34703580 24913562078 0
1787576906 34704686 24913572050 0
1787576907 34705730 24913581551 0
1787576908 34706643 24913592093 0
1787576909 34706840 24913604227 0
1787576910 34706980 24913616339 0
1787576911 34707172 24913628465 0
1787576912 34707255 24913640659 0
1787576913 34707350 24913652843 0
