1787576351 34563207 24907104996 0
1787576352 34563345 24907117197 0
1787576353 34563512 24907129333 0
1787576354 34563677 24907141672 0
1787576355 34563838 24907153924 0
1787576356 34564021 24907166173 0
1787576357 34564196 24907178595 0
1787576358 34564385 24907190861 0
1787576359 34564670 24907202926 0
1787576360 34564933 24907215561 0
1787576361 34565119 24907227770 0
1787576362 34565314 24907240021 0
1787576363 34565699 24907252013 0
1787576364 34566240 24907263987 0
1787576365 34566600 24907276155 0
1787576366 34567668 24907286493 0
1787576367 34568871 24907296933 0
1787576368 34569891 24907307585 0
1787576369 34570085 24907319700 0
1787576370 34570251 24907331815 0
1787576371 34570386 24907343976 0
1787576372 34570505 24907356312 0
1787576373 34570649 24907368585 0
1787576374 34570798 24907380868 0
1787576375 34570960 24907393103 0
1787576376 34571108 24907405287 0
1787576377 34571262 24907417590 0
1787576378 34571414 24907429808 0
1787576379 34571558 24907441908 0
1787576380 34571703 24907454063 0
1787576382 34571859 24907466319 0
1787576383 34571976 24907478569 0
1787576384 34572100 24907490820 0
1787576385 34572303 24907503117 0
1787576386 34572476 24907515248 0
1787576387 34572608 24907527408 0
1787576388 34572779 24907539580 0
1787576389 34572994 24907551683 0
1787576390 34573330 24907563723 0
1787576391 34573509 24907575893 0
1787576392 34573681 24907588097 0
1787576393 34573910 24907600122 0
1787576394 34574443 24907612142 0
1787576395 34574865 24907624175 0
1787576396 34575551 24907635302 0
1787576397 34576662 24907646205 0
1787576398 34577709 24907655680 0
1787576399 34578384 24907667058 0
1787576400 34578533 24907679166 0
1787576401 34578694 24907691340 0
1787576402 34578795 24907703473 0
1787576403 34578934 24907715799 0
1787576404 34579083 24907728038 0
1787576405 34579225 24907740282 0
1787576406 34579376 24907752363 0
1787576407 34579518 24907764499 0
1787576408 34579666 24907776741 0
1787576409 34579811 24907788917 0
1787576410 34579939 24907801209 0
1787576411 34580067 24907813425 0
1787576412 34580191 24907825579 0
1787576413 34580323 24907837833 0
1787576414 34580438 24907850094 0
1787576415 34580554 24907862421 0
