1787578836 35261178 24935849610 0
1787578837 35261412 24935861690 0
1787578838 35261609 24935873837 0
1787578839 35261810 24935885842 0
1787578840 35262011 24935898078 0
1787578841 35262190 24935910299 0
1787578842 35262366 24935922511 0
1787578843 35262543 24935934716 0
1787578844 35262758 24935946958 0
1787578845 35262952 24935959061 0
1787578846 35263172 24935971135 0
1787578847 35263361 24935983352 0
1787578848 35263558 24935995345 0
1787578849 35263928 24936007364 0
1787578850 35264121 24936019595 0
1787578851 35264293 24936031793 0
1787578852 35264470 24936043993 0
1787578853 35264769 24936055795 0
1787578854 35265245 24936067787 0
1787578855 35265623 24936079834 0
1787578856 35266230 24936090739 0
1787578858 35267270 24936100471 0
1787578859 35268325 24936110315 0
1787578860 35269381 24936120397 0
1787578861 35269554 24936132647 0
1787578862 35269703 24936144848 0
1787578863 35269862 24936157584 0
1787578864 35270018 24936170093 0
1787578865 35270154 24936182303 0
1787578866 35270300 24936194581 0
1787578867 35270431 24936206820 0
1787578868 35270593 24936219053 0
1787578869 35270766 24936231515 0
1787578870 35270952 24936243701 0
1787578871 35271101 24936255873 0
1787578872 35271212 24936268192 0
1787578873 35271384 24936280442 0
1787578874 35271519 24936292527 0
1787578875 35271636 24936304766 0
1787578876 35271766 24936317100 0
1787578877 35271882 24936329323 0
1787578878 35272001 24936341662 0
1787578879 35272257 24936353855 0
1787578880 35272433 24936366005 0
1787578881 35272598 24936378246 0
1787578882 35272764 24936390470 0
1787578883 35272967 24936402739 0
1787578884 35273301 24936414979 0
1787578885 35273790 24936426994 0
1787578886 35274055 24936439056 0
1787578887 35274856 24936448799 0
1787578888 35275778 24936458382 0
1787578890 35276852 24936469253 0
1787578891 35277645 24936479959 0
1787578892 35277742 24936492051 0
1787578893 35277896 24936504264 0
1787578894 35278070 24936516563 0
1787578895 35278204 24936528780 0
1787578896 35278327 24936541123 0
1787578897 35278460 24936553414 0
1787578898 35278557 24936565708 0
1787578899 35278716 24936577994 0
1787578900 35278877 24936590189 0
