1787576351 34563207 24907104996 0
1787576352 34563356 24907117628 0
1787576353 34563521 24907129938 0
1787576354 34563694 24907142474 0
1787576355 34563857 24907154814 0
1787576356 34564029 24907166936 0
1787576357 34564206 24907179247 0
1787576358 34564401 24907191466 0
1787576359 34564743 24907203478 0
1787576360 34564940 24907215691 0
1787576361 34565121 24907227899 0
1787576362 34565323 24907240231 0
1787576363 34565707 24907252229 0
1787576364 34566257 24907264437 0
1787576365 34566625 24907276383 0
1787576366 34567706 24907286796 0
1787576367 34568873 24907296945 0
1787576368 34569900 24907307807 0
1787576369 34570096 24907319996 0
1787576370 34570256 24907332153 0
1787576371 34570396 24907344486 0
1787576372 34570515 24907356860 0
1787576373 34570663 24907369204 0
1787576374 34570810 24907381871 0
1787576375 34570974 24907394212 0
1787576376 34571125 24907406386 0
1787576378 34571279 24907418634 0
1787576379 34571431 24907430922 0
1787576380 34571575 24907443116 0
1787576381 34571718 24907455251 0
1787576382 34571879 24907467379 0
1787576383 34571992 24907479528 0
1787576384 34572139 24907492606 0
1787576385 34572343 24907505923 0
1787576386 34572526 24907518877 0
1787576387 34572648 24907531184 0
1787576388 34572839 24907543392 0
1787576389 34573083 24907555518 0
1787576390 34573371 24907567504 0
1787576391 34573598 24907580549 0
1787576392 34573791 24907593830 0
1787576393 34574163 24907606542 0
1787576394 34574753 24907618568 0
1787576395 34575063 24907630617 0
1787576396 34576134 24907641017 0
1787576397 34577212 24907650901 0
1787576398 34578265 24907660805 0
1787576400 34578466 24907673404 0
1787576401 34578632 24907685497 0
1787576402 34578756 24907698476 0
1787576403 34578887 24907710714 0
1787576404 34579016 24907723025 0
1787576405 34579173 24907735388 0
1787576406 34579327 24907747561 0
1787576407 34579472 24907759741 0
1787576408 34579612 24907771971 0
1787576409 34579762 24907784166 0
1787576410 34579883 24907796344 0
1787576411 34580005 24907808502 0
1787576412 34580152 24907820661 0
1787576413 34580284 24907832920 0
1787576414 34580382 24907845206 0
1787576415 34580504 24907857353 0
