1787576351 34563207 24907105012 0
1787576352 34563346 24907117216 0
1787576353 34563513 24907129364 0
1787576354 34563678 24907141731 0
1787576355 34563839 24907154023 0
1787576356 34564023 24907166267 0
1787576357 34564196 24907178623 0
1787576358 34564386 24907190892 0
1787576359 34564684 24907203019 0
1787576360 34564933 24907215550 0
1787576361 34565119 24907227785 0
1787576362 34565314 24907240020 0
1787576363 34565704 24907252113 0
1787576364 34566246 24907264140 0
1787576365 34566592 24907276080 0
1787576366 34567655 24907286381 0
1787576367 34568875 24907296956 0
1787576368 34569890 24907307572 0
1787576369 34570086 24907319722 0
1787576370 34570252 24907331867 0
1787576371 34570387 24907344005 0
1787576372 34570506 24907356331 0
1787576373 34570647 24907368530 0
1787576374 34570797 24907380852 0
1787576375 34570958 24907392989 0
1787576376 34571108 24907405286 0
1787576377 34571261 24907417563 0
1787576378 34571414 24907429786 0
1787576379 34571560 24907442040 0
1787576380 34571704 24907454174 0
1787576382 34571859 24907466305 0
1787576383 34571976 24907478564 0
1787576384 34572101 24907490838 0
1787576385 34572303 24907503123 0
1787576386 34572476 24907515283 0
1787576387 34572608 24907527437 0
1787576388 34572781 24907539616 0
1787576389 34572996 24907551739 0
1787576390 34573330 24907563701 0
1787576391 34573509 24907575888 0
1787576392 34573681 24907588113 0
1787576393 34573907 24907600077 0
1787576394 34574442 24907612127 0
1787576395 34574866 24907624233 0
1787576396 34575549 24907635279 0
1787576397 34576568 24907645429 0
1787576398 34577665 24907655309 0
1787576399 34578381 24907666901 0
1787576400 34578531 24907679038 0
1787576401 34578692 24907691252 0
1787576402 34578795 24907703478 0
1787576403 34578934 24907715816 0
1787576404 34579084 24907728078 0
1787576405 34579226 24907740307 0
1787576406 34579378 24907752435 0
1787576407 34579520 24907764557 0
1787576408 34579665 24907776720 0
1787576409 34579811 24907788908 0
1787576410 34579938 24907801164 0
1787576411 34580067 24907813425 0
1787576412 34580193 24907825630 0
1787576413 34580323 24907837832 0
1787576414 34580439 24907850135 0
1787576415 34580553 24907862310 0
