1787578836 35261175 24935849524 0
1787578837 35261429 24935862218 0
1787578838 35261625 24935875257 0
1787578839 35261842 24935887488 0
1787578840 35262036 24935900083 0
1787578841 35262217 24935912183 0
1787578842 35262391 24935924373 0
1787578843 35262562 24935936481 0
1787578844 35262784 24935948691 0
1787578845 35262986 24935960887 0
1787578846 35263213 24935973391 0
1787578847 35263387 24935985532 0
1787578848 35263593 24935997524 0
1787578850 35263953 24936009554 0
1787578851 35264172 24936021769 0
1787578852 35264333 24936034755 0
1787578853 35264511 24936046860 0
1787578854 35264868 24936059240 0
1787578855 35265379 24936071335 0
1787578856 35265759 24936084240 0
1787578857 35266710 24936094954 0
1787578858 35267803 24936105541 0
1787578859 35268962 24936115753 0
1787578860 35269492 24936128941 0
1787578861 35269644 24936141073 0
1787578862 35269802 24936154076 0
1787578864 35269965 24936166299 0
1787578865 35270117 24936179384 0
1787578866 35270268 24936192467 0
1787578867 35270407 24936205395 0
1787578868 35270577 24936217704 0
1787578869 35270743 24936230313 0
1787578870 35270931 24936242504 0
1787578871 35271093 24936255354 0
1787578872 35271203 24936267509 0
1787578873 35271381 24936279801 0
1787578874 35271508 24936291938 0
1787578875 35271633 24936304310 0
1787578876 35271759 24936316663 0
1787578877 35271880 24936329252 0
1787578878 35271998 24936341516 0
1787578879 35272254 24936353721 0
1787578880 35272432 24936365873 0
1787578881 35272597 24936378193 0
1787578882 35272761 24936390338 0
1787578883 35272965 24936402605 0
1787578884 35273326 24936415682 0
1787578885 35273815 24936427823 0
1787578886 35274073 24936439849 0
1787578887 35274929 24936449665 0
1787578889 35275891 24936459441 0
1787578890 35276867 24936469328 0
1787578891 35277635 24936479373 0
1787578892 35277732 24936491551 0
1787578893 35277890 24936504117 0
1787578894 35278077 24936517392 0
1787578895 35278231 24936530487 0
1787578896 35278343 24936542741 0
1787578897 35278471 24936554893 0
1787578898 35278574 24936567133 0
1787578899 35278740 24936579453 0
1787578900 35278909 24936592521 0
