1787576767 34667903 24911956839 0
1787576768 34668063 24911969149 0
1787576770 34668217 24911981585 0
1787576771 34668349 24911993799 0
1787576772 34668485 24912005961 0
1787576773 34668595 24912018087 0
1787576774 34668767 24912030319 0
1787576775 34668891 24912042543 0
1787576776 34669026 24912054772 0
1787576777 34669200 24912066978 0
1787576778 34669347 24912079169 0
1787576779 34669612 24912091284 0
1787576780 34669835 24912103442 0
1787576781 34670046 24912116460 0
1787576782 34670268 24912128501 0
1787576783 34670871 24912141328 0
1787576784 34671309 24912154079 0
1787576785 34672157 24912165622 0
1787576786 34673315 24912175969 0
1787576787 34674378 24912186301 0
1787576788 34674912 24912198401 0
1787576789 34675059 24912210518 0
1787576790 34675245 24912222722 0
1787576791 34675399 24912234917 0
1787576792 34675522 24912247083 0
1787576793 34675669 24912259237 0
1787576794 34675793 24912271435 0
1787576795 34675948 24912283693 0
1787576797 34676081 24912295959 0
1787576798 34676233 24912308417 0
1787576799 34676360 24912320651 0
1787576800 34676517 24912332909 0
1787576801 34676649 24912345204 0
1787576802 34676795 24912357426 0
1787576803 34676945 24912369786 0
1787576804 34677060 24912382025 0
1787576805 34677171 24912394274 0
1787576806 34677301 24912406487 0
1787576807 34677431 24912418697 0
1787576808 34677603 24912430875 0
1787576809 34677830 24912443123 0
1787576810 34678040 24912455250 0
1787576811 34678247 24912467529 0
1787576812 34678394 24912479751 0
1787576813 34678643 24912491706 0
1787576814 34679046 24912503849 0
1787576815 34679466 24912515881 0
1787576816 34680135 24912526919 0
1787576817 34681159 24912537580 0
1787576818 34682151 24912547631 0
1787576819 34683174 24912557627 0
1787576820 34683394 24912570145 0
1787576821 34683556 24912582294 0
1787576822 34683678 24912594500 0
1787576823 34683841 24912606897 0
1787576824 34683984 24912619198 0
1787576825 34684101 24912631602 0
1787576826 34684227 24912643844 0
1787576828 34684378 24912656289 0
1787576829 34684519 24912668521 0
1787576830 34684628 24912680778 0
1787576831 34684749 24912693102 0
