1787579058 35319365 24938426781 0
1787579059 35319722 24938438742 0
1787579060 35319972 24938450703 0
1787579061 35320195 24938462869 0
1787579062 35320507 24938474504 0
1787579063 35321117 24938486620 0
1787579064 35321633 24938498554 0
1787579066 35322375 24938509863 0
1787579067 35323560 24938520346 0
1787579068 35324818 24938530915 0
1787579069 35325740 24938541093 0
1787579070 35325914 24938553126 0
1787579071 35326141 24938565111 0
1787579072 35326365 24938577226 0
1787579073 35326608 24938589216 0
1787579074 35326819 24938601189 0
1787579075 35327038 24938613301 0
1787579076 35327282 24938625388 0
1787579077 35327497 24938637527 0
1787579078 35327717 24938649548 0
1787579079 35327926 24938661638 0
1787579080 35328149 24938673741 0
1787579081 35328374 24938685901 0
1787579082 35328627 24938698188 0
1787579083 35328825 24938710466 0
1787579084 35329065 24938722673 0
1787579085 35329232 24938734676 0
1787579086 35329417 24938746811 0
1787579087 35329598 24938758972 0
1787579088 35329822 24938771166 0
1787579089 35330102 24938783264 0
1787579090 35330379 24938795286 0
1787579091 35330640 24938807515 0
1787579092 35330852 24938819610 0
1787579093 35331149 24938831634 0
1787579094 35331687 24938843561 0
1787579095 35332168 24938855435 0
1787579096 35332707 24938867049 0
1787579097 35333453 24938876459 0
1787579098 35334575 24938886501 0
1787579100 35335632 24938896193 0
1787579101 35336597 24938906530 0
1787579102 35336835 24938918618 0
1787579103 35337069 24938930763 0
1787579104 35337282 24938942919 0
1787579105 35337492 24938955065 0
1787579106 35337753 24938967173 0
1787579107 35338035 24938979311 0
1787579108 35338264 24938991410 0
1787579109 35338510 24939003687 0
1787579110 35338761 24939016038 0
1787579111 35338941 24939028141 0
1787579112 35339167 24939040285 0
1787579113 35339407 24939052418 0
1787579114 35339589 24939064610 0
1787579115 35339812 24939076772 0
1787579116 35339987 24939088947 0
1787579117 35340187 24939101237 0
1787579118 35340375 24939113406 0
1787579119 35340693 24939125518 0
1787579120 35340898 24939137581 0
1787579121 35341193 24939149662 0
1787579122 35341526 24939161692 0
