1787579058 35319377 24938427149 0
1787579059 35319749 24938440033 0
1787579061 35320033 24938452918 0
1787579062 35320242 24938464934 0
1787579063 35320637 24938477197 0
1787579064 35321259 24938489038 0
1787579065 35321746 24938501613 0
1787579066 35322642 24938512159 0
1787579067 35323750 24938521974 0
1787579068 35324965 24938532109 0
1787579069 35325777 24938543679 0
1787579070 35325976 24938555743 0
1787579071 35326213 24938568500 0
1787579072 35326455 24938581228 0
1787579073 35326680 24938593292 0
1787579074 35326916 24938606025 0
1787579075 35327146 24938618191 0
1787579076 35327370 24938630869 0
1787579077 35327603 24938642979 0
1787579078 35327805 24938655552 0
1787579079 35328048 24938667714 0
1787579081 35328261 24938680501 0
1787579082 35328520 24938692758 0
1787579083 35328743 24938705548 0
1787579084 35328957 24938717792 0
1787579085 35329167 24938730276 0
1787579086 35329342 24938742597 0
1787579087 35329544 24938755088 0
1787579088 35329732 24938767207 0
1787579089 35330008 24938779170 0
1787579090 35330293 24938791244 0
1787579091 35330531 24938803342 0
1787579092 35330789 24938815473 0
1787579093 35331049 24938827550 0
1787579094 35331461 24938839507 0
1787579095 35332064 24938851272 0
1787579096 35332430 24938863373 0
1787579097 35333194 24938872681 0
1787579098 35334135 24938882920 0
1787579099 35335263 24938892687 0
1787579101 35336575 24938905880 0
1787579102 35336838 24938918762 0
1787579103 35337085 24938932038 0
1787579104 35337304 24938944166 0
1787579105 35337520 24938956416 0
1787579106 35337783 24938968581 0
1787579107 35338059 24938980733 0
1787579108 35338297 24938992920 0
1787579109 35338544 24939005463 0
1787579110 35338786 24939017626 0
1787579111 35338967 24939029748 0
1787579112 35339212 24939041926 0
1787579113 35339442 24939054978 0
1787579114 35339623 24939067208 0
1787579115 35339850 24939079307 0
1787579116 35340026 24939091507 0
1787579117 35340220 24939103805 0
1787579118 35340436 24939115874 0
1787579119 35340743 24939127760 0
1787579120 35340960 24939140082 0
1787579121 35341268 24939152705 0
1787579123 35341607 24939165617 0
