1787576849 34689000 24912901822 0
1787576850 34689909 24912912217 0
1787576851 34690091 24912924379 0
1787576852 34690281 24912936489 0
1787576853 34690390 24912948654 0
1787576854 34690550 24912960814 0
1787576855 34690673 24912973091 0
1787576856 34690851 24912985355 0
1787576857 34691013 24912997569 0
1787576858 34691176 24913009813 0
1787576859 34691305 24913022033 0
1787576860 34691463 24913034216 0
1787576861 34691588 24913046379 0
1787576862 34691739 24913058617 0
1787576863 34691891 24913070823 0
1787576864 34692016 24913083195 0
1787576865 34692160 24913095563 0
1787576866 34692289 24913107742 0
1787576867 34692462 24913119989 0
1787576868 34692681 24913132523 0
1787576869 34692962 24913144726 0
1787576870 34693131 24913156961 0
1787576871 34693343 24913169221 0
1787576872 34693583 24913181203 0
1787576873 34694029 24913193207 0
1787576874 34694490 24913205389 0
1787576875 34694962 24913217297 0
1787576876 34695882 24913226609 0
1787576878 34696939 24913236522 0
1787576879 34698072 24913246910 0
1787576880 34698450 24913258462 0
1787576881 34698604 24913270617 0
1787576882 34698730 24913282794 0
1787576883 34698927 24913294872 0
1787576884 34699073 24913307043 0
1787576885 34699184 24913319263 0
1787576886 34699324 24913331555 0
1787576887 34699489 24913343729 0
1787576888 34699651 24913356133 0
1787576889 34699790 24913368340 0
1787576890 34699937 24913380623 0
1787576891 34700084 24913392841 0
1787576892 34700202 24913405011 0
1787576893 34700342 24913417187 0
1787576894 34700504 24913429403 0
1787576895 34700650 24913441615 0
1787576896 34700779 24913453897 0
1787576897 34700901 24913466047 0
1787576898 34701041 24913478292 0
1787576899 34701285 24913490406 0
1787576900 34701481 24913502678 0
1787576901 34701643 24913514836 0
1787576902 34701886 24913526773 0
1787576903 34702387 24913538886 0
1787576904 34702890 24913551074 0
1787576905 34703600 24913562352 0
1787576906 34704802 24913572793 0
1787576907 34705767 24913581999 0
1787576908 34706659 24913592656 0
1787576909 34706851 24913604756 0
1787576910 34706988 24913616819 0
1787576911 34707178 24913628990 0
1787576912 34707257 24913641145 0
1787576913 34707354 24913653258 0
