1787579385 35422434 24942189164 0
1787579386 35422566 24942201436 0
1787579387 35422669 24942214008 0
1787579388 35422810 24942226229 0
1787579389 35423053 24942238351 0
1787579390 35423232 24942250517 0
1787579391 35423434 24942262617 0
1787579392 35423588 24942274738 0
1787579393 35423865 24942286485 0
1787579394 35424328 24942298576 0
1787579395 35424722 24942310666 0
1787579396 35425449 24942322158 0
1787579397 35426320 24942331409 0
1787579398 35427375 24942341395 0
1787579399 35428338 24942350697 0
1787579400 35428526 24942362720 0
1787579401 35428669 24942374845 0
1787579402 35428821 24942386984 0
1787579403 35428974 24942399260 0
1787579404 35429127 24942411382 0
1787579405 35429280 24942423576 0
1787579407 35429435 24942435731 0
1787579408 35429605 24942448084 0
1787579409 35429746 24942460308 0
1787579410 35429895 24942472483 0
1787579411 35430057 24942484687 0
1787579412 35430194 24942496894 0
1787579413 35430296 24942509021 0
1787579414 35430458 24942521251 0
1787579415 35430630 24942533437 0
1787579416 35430783 24942545685 0
1787579417 35430877 24942558055 0
1787579418 35430987 24942570296 0
1787579419 35431209 24942582614 0
1787579420 35431316 24942594731 0
1787579421 35431495 24942606939 0
1787579422 35431619 24942619126 0
1787579423 35431934 24942631009 0
1787579424 35432509 24942643061 0
1787579425 35432943 24942654875 0
1787579426 35434146 24942665026 0
1787579427 35435333 24942674837 0
1787579428 35436113 24942684875 0
1787579429 35436258 24942696995 0
1787579430 35436391 24942709087 0
1787579431 35436550 24942721229 0
1787579432 35436679 24942733364 0
1787579433 35436799 24942745555 0
1787579434 35436933 24942757682 0
1787579435 35437067 24942769927 0
1787579436 35437207 24942782124 0
1787579437 35437330 24942794276 0
1787579438 35437474 24942806468 0
1787579439 35437595 24942818650 0
1787579440 35437717 24942830949 0
1787579441 35437842 24942843155 0
1787579442 35437962 24942855369 0
1787579443 35438124 24942867606 0
1787579444 35438239 24942879842 0
1787579445 35438376 24942891997 0
1787579446 35438495 24942904348 0
1787579447 35438679 24942916573 0
1787579448 35438902 24942928855 0
1787579449 35439183 24942941050 0
