1787579385 35422438 24942189265 0
1787579386 35422573 24942202069 0
1787579387 35422675 24942214309 0
1787579388 35422817 24942226505 0
1787579389 35423069 24942238925 0
1787579390 35423255 24942252143 0
1787579391 35423455 24942264272 0
1787579392 35423631 24942277173 0
1787579393 35423968 24942289684 0
1787579395 35424520 24942302661 0
1787579396 35424835 24942314655 0
1787579397 35425741 24942325482 0
1787579398 35426679 24942334783 0
1787579399 35427801 24942345022 0
1787579400 35428445 24942356567 0
1787579401 35428599 24942369006 0
1787579402 35428743 24942381163 0
1787579403 35428908 24942394081 0
1787579404 35429060 24942406255 0
1787579405 35429226 24942419270 0
1787579406 35429389 24942431380 0
1787579407 35429555 24942444370 0
1787579408 35429724 24942457413 0
1787579409 35429876 24942470479 0
1787579410 35430030 24942482622 0
1787579411 35430177 24942494806 0
1787579412 35430282 24942507056 0
1787579414 35430428 24942519359 0
1787579415 35430621 24942532755 0
1787579416 35430788 24942545945 0
1787579417 35430880 24942558146 0
1787579418 35430987 24942570285 0
1787579419 35431230 24942583808 0
1787579420 35431341 24942595935 0
1787579421 35431510 24942608081 0
1787579422 35431638 24942620159 0
1787579423 35431976 24942632286 0
1787579424 35432551 24942644237 0
1787579425 35433054 24942655789 0
1787579426 35434267 24942666055 0
1787579427 35435582 24942676850 0
1787579428 35436159 24942688424 0
1787579429 35436299 24942700519 0
1787579430 35436440 24942712711 0
1787579431 35436588 24942724974 0
1787579432 35436718 24942737098 0
1787579433 35436827 24942749260 0
1787579434 35436980 24942761359 0
1787579435 35437097 24942773523 0
1787579436 35437259 24942785702 0
1787579437 35437381 24942797843 0
1787579439 35437514 24942810225 0
1787579440 35437637 24942822387 0
1787579441 35437745 24942834503 0
1787579442 35437873 24942846708 0
1787579443 35438021 24942859037 0
1787579444 35438163 24942871183 0
1787579445 35438286 24942883357 0
1787579446 35438410 24942895537 0
1787579447 35438557 24942908118 0
1787579448 35438755 24942921293 0
1787579449 35439008 24942934530 0
