1787576767 34667903 24911956872 0
1787576768 34668064 24911969226 0
1787576770 34668215 24911981411 0
1787576771 34668346 24911993659 0
1787576772 34668483 24912005872 0
1787576773 34668595 24912018097 0
1787576774 34668767 24912030319 0
1787576775 34668892 24912042576 0
1787576776 34669027 24912054801 0
1787576777 34669198 24912066939 0
1787576778 34669347 24912079142 0
1787576779 34669615 24912091336 0
1787576780 34669837 24912103487 0
1787576781 34670023 24912115704 0
1787576782 34670246 24912127696 0
1787576783 34670772 24912139696 0
1787576784 34671240 24912151894 0
1787576785 34671894 24912163318 0
1787576786 34673008 24912173546 0
1787576787 34674134 24912183712 0
1787576788 34674853 24912194057 0
1787576789 34675009 24912206174 0
1787576790 34675196 24912218347 0
1787576791 34675343 24912230509 0
1787576792 34675478 24912242723 0
1787576793 34675599 24912254865 0
1787576794 34675751 24912267127 0
1787576795 34675884 24912279502 0
1787576796 34676021 24912291721 0
1787576797 34676178 24912304048 0
1787576798 34676305 24912316340 0
1787576799 34676473 24912328669 0
1787576800 34676610 24912341019 0
1787576801 34676754 24912353385 0
1787576802 34676885 24912365629 0
1787576803 34677010 24912377772 0
1787576804 34677127 24912389939 0
1787576805 34677253 24912402214 0
1787576806 34677382 24912414421 0
1787576807 34677550 24912426630 0
1787576808 34677746 24912438799 0
1787576810 34677997 24912451005 0
1787576811 34678162 24912463199 0
1787576812 34678333 24912475579 0
1787576813 34678533 24912487517 0
1787576814 34678875 24912499584 0
1787576815 34679391 24912511756 0
1787576816 34679805 24912523663 0
1787576817 34680876 24912534121 0
1787576818 34681753 24912543933 0
1787576819 34682825 24912553941 0
1787576820 34683311 24912565404 0
1787576821 34683512 24912577601 0
1787576822 34683636 24912589737 0
1787576823 34683777 24912602085 0
1787576824 34683939 24912614496 0
1787576825 34684064 24912626854 0
1787576826 34684189 24912639334 0
1787576827 34684339 24912651847 0
1787576828 34684457 24912664179 0
1787576829 34684592 24912676526 0
1787576830 34684706 24912688789 0
1787576831 34684843 24912701016 0
