1787576767 34667903 24911956836 0
1787576768 34668063 24911969141 0
1787576770 34668216 24911981496 0
1787576771 34668346 24911993690 0
1787576772 34668483 24912005865 0
1787576773 34668596 24912018118 0
1787576774 34668767 24912030321 0
1787576775 34668891 24912042543 0
1787576776 34669029 24912054843 0
1787576777 34669200 24912066978 0
1787576778 34669350 24912079271 0
1787576779 34669620 24912091440 0
1787576780 34669840 24912103547 0
1787576781 34670026 24912115782 0
1787576782 34670247 24912127753 0
1787576783 34670781 24912139881 0
1787576784 34671241 24912151924 0
1787576785 34671915 24912163509 0
1787576786 34673020 24912173626 0
1787576787 34674132 24912183685 0
1787576788 34674853 24912194065 0
1787576789 34675010 24912206215 0
1787576790 34675195 24912218318 0
1787576791 34675342 24912230469 0
1787576792 34675477 24912242651 0
1787576793 34675599 24912254825 0
1787576794 34675748 24912267011 0
1787576795 34675881 24912279386 0
1787576796 34676021 24912291681 0
1787576797 34676175 24912303982 0
1787576798 34676305 24912316284 0
1787576799 34676472 24912328658 0
1787576800 34676608 24912340979 0
1787576801 34676753 24912353334 0
1787576802 34676883 24912365595 0
1787576803 34677010 24912377785 0
1787576804 34677127 24912389919 0
1787576805 34677250 24912402092 0
1787576806 34677381 24912414358 0
1787576807 34677552 24912426674 0
1787576808 34677746 24912438834 0
1787576810 34677996 24912450973 0
1787576811 34678162 24912463228 0
1787576812 34678332 24912475548 0
1787576813 34678534 24912487534 0
1787576814 34678876 24912499661 0
1787576815 34679387 24912511684 0
1787576816 34679784 24912523492 0
1787576817 34680821 24912533558 0
1787576818 34681694 24912543343 0
1787576819 34682759 24912553378 0
1787576820 34683307 24912564851 0
1787576821 34683507 24912576937 0
1787576822 34683627 24912589204 0
1787576823 34683765 24912601571 0
1787576824 34683931 24912613878 0
1787576825 34684046 24912626080 0
1787576826 34684174 24912638451 0
1787576827 34684325 24912650906 0
1787576828 34684449 24912663311 0
1787576829 34684584 24912675564 0
1787576830 34684694 24912687643 0
1787576831 34684822 24912699977 0
