1787580678 35780598 24957201169 0
1787580679 35780843 24957213157 0
1787580680 35781106 24957225326 0
1787580681 35781259 24957237604 0
1787580682 35781455 24957249802 0
1787580683 35781828 24957261818 0
1787580685 35782384 24957274655 0
1787580686 35782748 24957286380 0
1787580687 35783851 24957296528 0
1787580688 35785168 24957308602 0
1787580689 35786266 24957319481 0
1787580690 35786428 24957331559 0
1787580691 35786624 24957344171 0
1787580692 35786754 24957356287 0
1787580693 35786859 24957368450 0
1787580694 35786962 24957380757 0
1787580695 35787123 24957392883 0
1787580696 35787226 24957405112 0
1787580697 35787337 24957417372 0
1787580698 35787483 24957430178 0
1787580699 35787616 24957442369 0
1787580700 35787727 24957454446 0
1787580701 35787845 24957466627 0
1787580702 35788031 24957479094 0
1787580703 35788145 24957491431 0
1787580705 35788292 24957504136 0
1787580706 35788416 24957516471 0
1787580707 35788554 24957529260 0
1787580708 35788665 24957541445 0
1787580709 35788841 24957554242 0
1787580710 35789050 24957566477 0
1787580711 35789367 24957578493 0
1787580712 35789562 24957590869 0
1787580713 35789715 24957603052 0
1787580714 35789944 24957614944 0
1787580715 35790406 24957627336 0
1787580716 35790844 24957639376 0
1787580717 35791412 24957650809 0
1787580718 35792363 24957660385 0
1787580719 35793429 24957670349 0
1787580720 35794503 24957680044 0
1787580721 35794735 24957692343 0
1787580722 35794899 24957704573 0
1787580723 35795055 24957717454 0
1787580724 35795189 24957730535 0
1787580725 35795329 24957743510 0
1787580727 35795461 24957756717 0
1787580728 35795579 24957769114 0
1787580729 35795686 24957781377 0
1787580730 35795818 24957793566 0
1787580731 35795930 24957805947 0
1787580732 35796116 24957819044 0
1787580733 35796334 24957832030 0
1787580734 35796484 24957844318 0
1787580735 35796604 24957856788 0
1787580736 35796780 24957868964 0
1787580737 35797000 24957881797 0
1787580738 35797181 24957893993 0
1787580739 35797501 24957908057 0
1787580740 35797767 24957920065 0
1787580741 35798043 24957932936 0
1787580742 35798329 24957945875 0
