1787580178 35637718 24951392569 0
1787580179 35638938 24951402536 0
1787580180 35640182 24951412659 0
1787580181 35640548 24951424748 0
1787580182 35640956 24951437641 0
1787580183 35641285 24951450883 0
1787580184 35641495 24951463207 0
1787580185 35641743 24951475469 0
1787580186 35641948 24951487579 0
1787580187 35642190 24951500456 0
1787580188 35642412 24951513559 0
1787580189 35642589 24951525781 0
1787580190 35642872 24951538326 0
1787580192 35643112 24951551568 0
1787580193 35643327 24951563948 0
1787580194 35643506 24951576053 0
1787580195 35643745 24951588246 0
1787580196 35644051 24951601210 0
1787580197 35644256 24951614150 0
1787580198 35644454 24951626366 0
1787580199 35644720 24951638487 0
1787580200 35644969 24951650633 0
1787580201 35645238 24951662757 0
1787580202 35645468 24951674813 0
1787580203 35645792 24951686934 0
1787580204 35646376 24951699141 0
1787580205 35646989 24951711941 0
1787580206 35647928 24951723635 0
1787580207 35649149 24951733751 0
1787580208 35650268 24951743635 0
1787580209 35651091 24951754884 0
1787580210 35651359 24951767061 0
1787580211 35651642 24951779979 0
1787580213 35651898 24951792906 0
1787580214 35652185 24951806048 0
1787580215 35652461 24951818343 0
1787580216 35652707 24951830471 0
1787580217 35652887 24951842734 0
1787580218 35653084 24951854960 0
1787580219 35653239 24951867959 0
1787580220 35653387 24951880169 0
1787580221 35653564 24951892814 0
1787580222 35653701 24951905046 0
1787580223 35653875 24951917284 0
1787580224 35654029 24951929548 0
1787580225 35654165 24951941795 0
1787580226 35654325 24951955170 0
1787580227 35654447 24951967635 0
1787580228 35654611 24951979775 0
1787580229 35654935 24951991856 0
1787580230 35655130 24952003954 0
1787580231 35655341 24952016943 0
1787580232 35655599 24952030113 0
1787580233 35655968 24952042002 0
1787580235 35656529 24952054733 0
1787580236 35656879 24952066785 0
1787580237 35657845 24952077404 0
1787580238 35658906 24952087666 0
1787580239 35660058 24952097747 0
1787580240 35660425 24952111330 0
1787580241 35660590 24952123447 0
1787580242 35660731 24952136424 0
