1787580678 35780598 24957201169 0
1787580679 35780843 24957213165 0
1787580680 35781101 24957225216 0
1787580681 35781255 24957237477 0
1787580682 35781449 24957249661 0
1787580683 35781822 24957261684 0
1787580684 35782355 24957273640 0
1787580685 35782671 24957285554 0
1787580687 35783733 24957295557 0
1787580688 35784790 24957305440 0
1787580689 35786008 24957315784 0
1787580690 35786379 24957327005 0
1787580691 35786550 24957339210 0
1787580692 35786720 24957351324 0
1787580693 35786817 24957363502 0
1787580694 35786930 24957375803 0
1787580695 35787061 24957388018 0
1787580696 35787180 24957400302 0
1787580697 35787289 24957412550 0
1787580698 35787422 24957424900 0
1787580699 35787577 24957437020 0
1787580700 35787685 24957449189 0
1787580701 35787799 24957461347 0
1787580702 35787950 24957473523 0
1787580703 35788087 24957485733 0
1787580704 35788197 24957497855 0
1787580705 35788348 24957510018 0
1787580706 35788460 24957522261 0
1787580707 35788602 24957534494 0
1787580708 35788706 24957546816 0
1787580709 35788931 24957559074 0
1787580710 35789170 24957571217 0
1787580711 35789402 24957583200 0
1787580712 35789635 24957595448 0
1787580713 35789792 24957607916 0
1787580714 35790096 24957619722 0
1787580715 35790591 24957631729 0
1787580716 35790947 24957643853 0
1787580717 35791654 24957653978 0
1787580718 35792689 24957663938 0
1787580719 35793811 24957673680 0
1787580720 35794628 24957684018 0
1787580721 35794798 24957696144 0
1787580722 35794954 24957708276 0
1787580723 35795087 24957720397 0
1787580725 35795212 24957732712 0
1787580726 35795350 24957744969 0
1787580727 35795471 24957757398 0
1787580728 35795584 24957769737 0
1787580729 35795696 24957782133 0
1787580730 35795827 24957794470 0
1787580731 35795934 24957806771 0
1787580732 35796114 24957818991 0
1787580733 35796330 24957831264 0
1787580734 35796472 24957843687 0
1787580735 35796600 24957856141 0
1787580736 35796766 24957868377 0
1787580737 35796984 24957880620 0
1787580738 35797147 24957892796 0
1787580739 35797399 24957904942 0
1787580740 35797688 24957916897 0
1787580741 35797973 24957929071 0
1787580742 35798204 24957941213 0
