1787580678 35780600 24957201192 0
1787580679 35780843 24957213173 0
1787580680 35781104 24957225283 0
1787580681 35781255 24957237435 0
1787580682 35781451 24957249684 0
1787580683 35781820 24957261621 0
1787580684 35782354 24957273620 0
1787580685 35782671 24957285556 0
1787580686 35783700 24957295240 0
1787580688 35784709 24957304726 0
1787580689 35785956 24957315388 0
1787580690 35786370 24957326651 0
1787580691 35786543 24957338753 0
1787580692 35786716 24957350894 0
1787580693 35786813 24957363071 0
1787580694 35786919 24957375246 0
1787580695 35787052 24957387540 0
1787580696 35787173 24957399858 0
1787580697 35787286 24957412203 0
1787580698 35787413 24957424499 0
1787580699 35787568 24957436622 0
1787580700 35787683 24957449047 0
1787580701 35787799 24957461357 0
1787580702 35787952 24957473612 0
1787580703 35788089 24957485852 0
1787580704 35788200 24957498021 0
1787580705 35788350 24957510472 0
1787580706 35788466 24957522716 0
1787580707 35788611 24957535169 0
1787580708 35788710 24957547361 0
1787580709 35788940 24957559542 0
1787580710 35789221 24957571597 0
1787580711 35789409 24957583725 0
1787580712 35789638 24957596055 0
1787580713 35789806 24957608461 0
1787580714 35790115 24957620274 0
1787580715 35790614 24957632271 0
1787580716 35790965 24957644392 0
1787580717 35791704 24957654381 0
1787580718 35792744 24957664627 0
1787580720 35793942 24957674714 0
1787580721 35794659 24957685799 0
1787580722 35794821 24957697967 0
1787580723 35794969 24957710153 0
1787580724 35795107 24957722295 0
1787580725 35795233 24957734705 0
1787580726 35795374 24957746889 0
1787580727 35795483 24957759114 0
1787580728 35795596 24957771450 0
1787580729 35795716 24957783947 0
1787580730 35795839 24957796599 0
1787580731 35795960 24957808929 0
1787580732 35796151 24957821202 0
1787580733 35796351 24957833352 0
1787580734 35796496 24957845580 0
1787580735 35796615 24957857935 0
1787580736 35796803 24957870215 0
1787580737 35797012 24957882548 0
1787580738 35797191 24957894761 0
1787580739 35797461 24957907083 0
1787580740 35797740 24957919040 0
1787580741 35798013 24957931367 0
1787580742 35798255 24957943408 0
