1787580000 35586307 24949323201 0
1787580001 35587185 24949333924 0
1787580002 35587441 24949346010 0
1787580003 35587814 24949358162 0
1787580004 35588142 24949370515 0
1787580005 35588417 24949382576 0
1787580006 35588676 24949394829 0
1787580007 35588926 24949407203 0
1787580008 35589184 24949419449 0
1787580009 35589448 24949431664 0
1787580010 35589684 24949443897 0
1787580011 35589903 24949456136 0
1787580012 35590100 24949468311 0
1787580013 35590316 24949480553 0
1787580014 35590483 24949492804 0
1787580015 35590586 24949504986 0
1787580016 35590699 24949517440 0
1787580017 35590868 24949529711 0
1787580018 35590994 24949542003 0
1787580019 35591172 24949554227 0
1787580020 35591412 24949566289 0
1787580021 35591573 24949578493 0
1787580022 35591749 24949590711 0
1787580023 35591927 24949602614 0
1787580024 35592350 24949614630 0
1787580026 35592810 24949626876 0
1787580027 35593150 24949639215 0
1787580028 35593996 24949648446 0
1787580029 35594998 24949658318 0
1787580030 35596058 24949668482 0
1787580031 35596584 24949679679 0
1787580032 35596720 24949692112 0
1787580033 35596826 24949704897 0
1787580034 35596945 24949717187 0
1787580035 35597034 24949729302 0
1787580036 35597175 24949741765 0
1787580037 35597359 24949754140 0
1787580038 35597517 24949766425 0
1787580039 35597654 24949778743 0
1787580040 35597792 24949791096 0
1787580041 35597934 24949803452 0
1787580042 35598057 24949815772 0
1787580043 35598209 24949828092 0
1787580044 35598337 24949840252 0
1787580045 35598439 24949852715 0
1787580046 35598599 24949865060 0
1787580047 35598693 24949877401 0
1787580048 35598849 24949889591 0
1787580049 35599013 24949901870 0
1787580050 35599237 24949913941 0
1787580051 35599394 24949926200 0
1787580052 35599540 24949938527 0
1787580053 35599679 24949950674 0
1787580054 35599843 24949962820 0
1787580055 35600276 24949975087 0
1787580057 35600802 24949987156 0
1787580058 35601448 24949998539 0
1787580059 35602344 24950008892 0
1787580060 35603378 24950019414 0
1787580061 35604495 24950029619 0
1787580062 35604734 24950041430 0
1787580063 35604874 24950053652 0
1787580064 35604994 24950066007 0
