1787580000 35586293 24949323093 0
1787580001 35587185 24949333927 0
1787580002 35587441 24949346012 0
1787580003 35587832 24949358633 0
1787580004 35588180 24949371773 0
1787580005 35588453 24949384683 0
1787580006 35588718 24949396858 0
1787580007 35588964 24949409107 0
1787580008 35589217 24949421359 0
1787580009 35589487 24949433733 0
1787580010 35589721 24949445969 0
1787580011 35589941 24949458327 0
1787580012 35590153 24949470491 0
1787580013 35590365 24949482739 0
1787580014 35590520 24949495272 0
1787580015 35590611 24949507446 0
1787580016 35590715 24949519745 0
1787580018 35590894 24949531925 0
1787580019 35591023 24949544242 0
1787580020 35591214 24949556476 0
1787580021 35591437 24949568603 0
1787580022 35591607 24949580860 0
1787580023 35591785 24949593116 0
1787580024 35591997 24949605069 0
1787580025 35592491 24949617435 0
1787580026 35592879 24949629484 0
1787580027 35593437 24949641546 0
1787580028 35594285 24949650916 0
1787580029 35595416 24949663033 0
1787580030 35596529 24949672973 0
1787580031 35596655 24949685082 0
1787580032 35596768 24949698023 0
1787580033 35596881 24949711028 0
1787580034 35596994 24949724419 0
1787580035 35597113 24949736730 0
1787580037 35597298 24949749290 0
1787580038 35597454 24949762404 0
1787580039 35597624 24949775735 0
1787580040 35597774 24949788904 0
1787580041 35597908 24949801631 0
1787580042 35598049 24949815084 0
1787580043 35598199 24949827425 0
1787580044 35598332 24949839710 0
1787580045 35598432 24949851989 0
1787580046 35598592 24949864256 0
1787580047 35598684 24949876679 0
1787580048 35598835 24949889067 0
1787580049 35599011 24949901822 0
1787580050 35599237 24949913941 0
1787580052 35599410 24949926944 0
1787580053 35599583 24949941066 0
1787580054 35599708 24949953187 0
1787580055 35599911 24949965331 0
1787580056 35600438 24949977783 0
1787580057 35600913 24949989871 0
1787580058 35601636 24950000898 0
1787580059 35602565 24950010962 0
1787580060 35603555 24950021035 0
1787580061 35604580 24950031031 0
1787580062 35604759 24950044020 0
1787580063 35604899 24950056313 0
1787580064 35605014 24950068592 0
