1787580000 35586293 24949323095 0
1787580001 35587188 24949333979 0
1787580002 35587443 24949346109 0
1787580003 35587819 24949358318 0
1787580004 35588153 24949371042 0
1787580005 35588443 24949384155 0
1787580006 35588710 24949396438 0
1787580007 35588956 24949408858 0
1787580008 35589214 24949421255 0
1787580009 35589482 24949433563 0
1787580010 35589715 24949445705 0
1787580011 35589939 24949458216 0
1787580012 35590153 24949470488 0
1787580013 35590367 24949482822 0
1787580014 35590515 24949495080 0
1787580015 35590607 24949507278 0
1787580016 35590712 24949519544 0
1787580017 35590892 24949531767 0
1787580019 35591019 24949544024 0
1787580020 35591209 24949556309 0
1787580021 35591436 24949568410 0
1787580022 35591606 24949580607 0
1787580023 35591777 24949592912 0
1787580024 35591986 24949604835 0
1787580025 35592470 24949617056 0
1787580026 35592865 24949629068 0
1787580027 35593366 24949640745 0
1787580028 35594226 24949650388 0
1787580029 35595204 24949660320 0
1787580030 35596318 24949670737 0
1787580031 35596602 24949682680 0
1787580032 35596745 24949694913 0
1787580033 35596842 24949707464 0
1787580034 35596955 24949719684 0
1787580035 35597055 24949732066 0
1787580036 35597217 24949744351 0
1787580037 35597376 24949756688 0
1787580038 35597537 24949768925 0
1787580039 35597675 24949781333 0
1787580040 35597814 24949793688 0
1787580041 35597958 24949806070 0
1787580042 35598077 24949818571 0
1787580043 35598236 24949830946 0
1787580044 35598358 24949843165 0
1787580045 35598472 24949855391 0
1787580046 35598616 24949867668 0
1787580047 35598719 24949879988 0
1787580049 35598879 24949892361 0
1787580050 35599056 24949904486 0
1787580051 35599276 24949916741 0
1787580052 35599448 24949928928 0
1787580053 35599586 24949941196 0
1787580054 35599711 24949953345 0
1787580055 35599912 24949965358 0
1787580056 35600417 24949977410 0
1787580057 35600892 24949989442 0
1787580058 35601555 24949999991 0
1787580059 35602499 24950010239 0
1787580060 35603454 24950020056 0
1787580061 35604543 24950030294 0
1787580062 35604745 24950042684 0
1787580063 35604886 24950054880 0
1787580064 35605004 24950067394 0
