1787580178 35637686 24951392255 0
1787580179 35638917 24951402349 0
1787580180 35640118 24951411944 0
1787580181 35640531 24951424360 0
1787580182 35640921 24951436443 0
1787580183 35641231 24951448551 0
1787580184 35641452 24951460818 0
1787580185 35641697 24951473066 0
1787580186 35641903 24951485144 0
1787580187 35642117 24951497281 0
1787580188 35642352 24951509486 0
1787580189 35642530 24951521728 0
1787580190 35642767 24951533778 0
1787580191 35643025 24951546052 0
1787580192 35643233 24951558238 0
1787580193 35643419 24951570517 0
1787580194 35643621 24951582711 0
1787580195 35643901 24951594695 0
1787580196 35644142 24951606877 0
1787580197 35644327 24951619166 0
1787580198 35644527 24951631292 0
1787580199 35644848 24951643536 0
1787580200 35645060 24951655735 0
1787580201 35645350 24951667777 0
1787580202 35645592 24951679844 0
1787580203 35646032 24951691796 0
1787580204 35646659 24951703789 0
1787580205 35647166 24951715472 0
1787580206 35648191 24951725988 0
1787580208 35649420 24951736125 0
1787580209 35650608 24951746423 0
1787580210 35651160 24951758315 0
1787580211 35651441 24951770560 0
1787580212 35651695 24951782806 0
1787580213 35651949 24951794967 0
1787580214 35652212 24951807430 0
1787580215 35652484 24951819693 0
1787580216 35652729 24951831790 0
1787580217 35652913 24951843948 0
1787580218 35653102 24951856220 0
1787580219 35653246 24951868398 0
1787580220 35653398 24951880725 0
1787580221 35653568 24951892986 0
1787580222 35653705 24951905220 0
1787580223 35653878 24951917400 0
1787580224 35654029 24951929628 0
1787580225 35654165 24951941812 0
1787580226 35654311 24951953989 0
1787580227 35654434 24951966346 0
1787580228 35654596 24951978596 0
1787580229 35654876 24951990694 0
1787580230 35655112 24952002957 0
1787580231 35655322 24952015056 0
1787580232 35655530 24952027261 0
1787580233 35655884 24952039414 0
1787580234 35656376 24952051518 0
1787580235 35656759 24952063580 0
1787580236 35657500 24952073732 0
1787580237 35658526 24952084073 0
1787580238 35659690 24952094709 0
1787580239 35660361 24952105842 0
1787580240 35660539 24952118002 0
1787580241 35660675 24952130212 0
1787580243 35660809 24952142390 0
