1787580178 35637685 24951392249 0
1787580179 35638899 24951402235 0
1787580180 35640101 24951411799 0
1787580181 35640516 24951423917 0
1787580182 35640910 24951436016 0
1787580183 35641218 24951448098 0
1787580184 35641437 24951460313 0
1787580185 35641682 24951472577 0
1787580186 35641896 24951484842 0
1787580187 35642109 24951497045 0
1787580188 35642350 24951509384 0
1787580189 35642528 24951521635 0
1787580190 35642775 24951533983 0
1787580191 35643031 24951546293 0
1787580192 35643239 24951558575 0
1787580193 35643426 24951570836 0
1787580194 35643630 24951583092 0
1787580195 35643908 24951595043 0
1787580196 35644148 24951607239 0
1787580197 35644337 24951619453 0
1787580198 35644540 24951631592 0
1787580199 35644855 24951643677 0
1787580200 35645064 24951655878 0
1787580201 35645355 24951667899 0
1787580202 35645596 24951679999 0
1787580203 35646037 24951691921 0
1787580204 35646671 24951704000 0
1787580205 35647178 24951715685 0
1787580206 35648216 24951726148 0
1787580208 35649422 24951736137 0
1787580209 35650582 24951746217 0
1787580210 35651147 24951757799 0
1787580211 35651426 24951769987 0
1787580212 35651677 24951782199 0
1787580213 35651940 24951794530 0
1787580214 35652201 24951806747 0
1787580215 35652469 24951819050 0
1787580216 35652718 24951831258 0
1787580217 35652905 24951843525 0
1787580218 35653091 24951855832 0
1787580219 35653239 24951868033 0
1787580220 35653394 24951880504 0
1787580221 35653566 24951892944 0
1787580222 35653705 24951905219 0
1787580223 35653877 24951917379 0
1787580224 35654029 24951929598 0
1787580225 35654170 24951941936 0
1787580226 35654317 24951954215 0
1787580227 35654436 24951966428 0
1787580228 35654599 24951978712 0
1787580229 35654881 24951990981 0
1787580230 35655114 24952003026 0
1787580231 35655324 24952015243 0
1787580232 35655533 24952027367 0
1787580233 35655887 24952039460 0
1787580234 35656376 24952051506 0
1787580235 35656759 24952063579 0
1787580236 35657495 24952073677 0
1787580237 35658521 24952084046 0
1787580238 35659686 24952094677 0
1787580239 35660359 24952105748 0
1787580240 35660538 24952117946 0
1787580241 35660675 24952130206 0
1787580243 35660809 24952142390 0
