1787577621 34891049 24921868190 0
1787577622 34891265 24921880298 0
1787577623 34891751 24921892304 0
1787577624 34892382 24921904200 0
1787577625 34892823 24921916156 0
1787577626 34893771 24921925634 0
1787577628 34894835 24921934995 0
1787577629 34895898 24921944784 0
1787577630 34896647 24921955121 0
1787577631 34896879 24921967368 0
1787577632 34897121 24921979447 0
1787577633 34897330 24921991620 0
1787577634 34897510 24922003771 0
1787577635 34897657 24922015847 0
1787577636 34897852 24922027648 0
1787577637 34898034 24922039392 0
1787577638 34898225 24922051528 0
1787577639 34898417 24922063673 0
1787577640 34898558 24922075923 0
1787577641 34898825 24922088286 0
1787577642 34898970 24922100553 0
1787577643 34899116 24922112813 0
1787577644 34899286 24922124991 0
1787577645 34899456 24922137235 0
1787577646 34899627 24922149467 0
1787577647 34899766 24922161809 0
1787577648 34899933 24922173945 0
1787577649 34900161 24922186091 0
1787577650 34900411 24922198242 0
1787577651 34900584 24922210414 0
1787577652 34900758 24922222604 0
1787577653 34900981 24922234894 0
1787577654 34901405 24922246994 0
1787577655 34901891 24922258948 0
1787577656 34902518 24922270240 0
1787577657 34903371 24922279346 0
1787577659 34904565 24922290618 0
1787577660 34905687 24922301003 0
1787577661 34906054 24922313110 0
1787577662 34906225 24922325271 0
1787577663 34906374 24922337514 0
1787577664 34906521 24922349924 0
1787577665 34906674 24922362076 0
1787577666 34906834 24922374302 0
1787577667 34906961 24922386627 0
1787577668 34907124 24922398882 0
1787577669 34907290 24922411090 0
1787577670 34907478 24922423225 0
1787577671 34907660 24922435484 0
1787577672 34907809 24922447837 0
1787577673 34907971 24922460078 0
1787577674 34908124 24922472301 0
1787577675 34908350 24922484418 0
1787577676 34908583 24922496782 0
1787577677 34908740 24922509044 0
1787577678 34908946 24922521292 0
1787577679 34909183 24922533579 0
1787577680 34909373 24922545721 0
1787577681 34909603 24922557820 0
1787577682 34909770 24922569948 0
1787577683 34909991 24922582224 0
1787577684 34910372 24922594534 0
1787577685 34910952 24922606615 0
