1787577537 34869367 24920886318 0
1787577538 34870302 24920896173 0
1787577539 34871310 24920905797 0
1787577540 34872347 24920916197 0
1787577541 34872583 24920928171 0
1787577542 34872745 24920940304 0
1787577543 34872894 24920952538 0
1787577544 34873057 24920964813 0
1787577545 34873207 24920977215 0
1787577546 34873331 24920989474 0
1787577547 34873475 24921001803 0
1787577548 34873604 24921013943 0
1787577549 34873767 24921026213 0
1787577550 34873892 24921038539 0
1787577551 34874040 24921050805 0
1787577552 34874167 24921063156 0
1787577553 34874313 24921075565 0
1787577554 34874435 24921087813 0
1787577555 34874580 24921100075 0
1787577556 34874721 24921112254 0
1787577557 34874866 24921124467 0
1787577558 34875085 24921136774 0
1787577559 34875335 24921149004 0
1787577561 34875508 24921161228 0
1787577562 34875722 24921173327 0
1787577563 34875867 24921185538 0
1787577564 34876190 24921197376 0
1787577565 34876690 24921209448 0
1787577566 34877063 24921221484 0
1787577567 34877958 24921231872 0
1787577568 34879002 24921241523 0
1787577569 34880106 24921251760 0
1787577570 34880944 24921262972 0
1787577571 34881145 24921275030 0
1787577572 34881341 24921287133 0
1787577573 34881480 24921299353 0
1787577574 34881650 24921311471 0
1787577575 34881770 24921323626 0
1787577576 34881900 24921335900 0
1787577577 34882038 24921348086 0
1787577578 34882161 24921360386 0
1787577579 34882280 24921372668 0
1787577580 34882425 24921385062 0
1787577581 34882540 24921397380 0
1787577582 34882681 24921409729 0
1787577583 34882807 24921422012 0
1787577584 34882936 24921434297 0
1787577585 34883072 24921446512 0
1787577586 34883206 24921458723 0
1787577587 34883342 24921470976 0
1787577588 34883533 24921483214 0
1787577589 34883766 24921495332 0
1787577590 34883923 24921507485 0
1787577591 34884152 24921519736 0
1787577592 34884325 24921531857 0
1787577593 34884644 24921543774 0
1787577594 34885183 24921555719 0
1787577595 34885436 24921567698 0
1787577597 34886132 24921577986 0
1787577598 34887215 24921588178 0
1787577599 34888267 24921597965 0
1787577600 34889108 24921608052 0
1787577601 34889307 24921620141 0
