1787577621 34891048 24921868184 0
1787577622 34891272 24921880572 0
1787577623 34891768 24921892596 0
1787577625 34892408 24921905245 0
1787577626 34892892 24921916905 0
1787577627 34893981 24921927051 0
1787577628 34895036 24921936798 0
1787577629 34896089 24921946459 0
1787577630 34896700 24921957771 0
1787577631 34896946 24921970941 0
1787577632 34897212 24921984069 0
1787577633 34897403 24921997195 0
1787577634 34897586 24922009340 0
1787577635 34897769 24922021307 0
1787577636 34897929 24922033242 0
1787577637 34898111 24922045294 0
1787577638 34898336 24922057560 0
1787577639 34898481 24922069602 0
1787577640 34898689 24922081687 0
1787577641 34898893 24922093798 0
1787577642 34899052 24922106062 0
1787577643 34899174 24922118344 0
1787577644 34899341 24922130505 0
1787577645 34899516 24922142808 0
1787577646 34899677 24922155083 0
1787577648 34899847 24922167405 0
1787577649 34900038 24922179645 0
1787577650 34900324 24922192465 0
1787577651 34900492 24922204602 0
1787577652 34900690 24922216726 0
1787577653 34900861 24922229000 0
1787577654 34901201 24922241094 0
1787577655 34901711 24922253111 0
1787577656 34902059 24922265093 0
1787577657 34902924 24922275230 0
1787577658 34904023 24922285257 0
1787577659 34905093 24922295537 0
1787577660 34905965 24922306584 0
1787577661 34906127 24922318794 0
1787577662 34906287 24922331002 0
1787577663 34906448 24922343155 0
1787577664 34906596 24922355458 0
1787577665 34906733 24922367623 0
1787577666 34906902 24922380494 0
1787577667 34907063 24922392654 0
1787577668 34907197 24922404936 0
1787577669 34907361 24922417085 0
1787577670 34907554 24922429259 0
1787577671 34907743 24922441664 0
1787577672 34907873 24922453915 0
1787577674 34908049 24922466256 0
1787577675 34908236 24922478541 0
1787577676 34908482 24922491372 0
1787577677 34908664 24922503564 0
1787577678 34908863 24922515902 0
1787577679 34909067 24922528106 0
1787577680 34909316 24922540369 0
1787577681 34909479 24922552522 0
1787577682 34909700 24922564691 0
1787577683 34909888 24922577049 0
1787577684 34910192 24922589175 0
1787577685 34910709 24922601331 0
