1787577193 34777986 24916909332 0
1787577194 34778113 24916921551 0
1787577195 34778281 24916933994 0
1787577196 34778458 24916946275 0
1787577198 34778626 24916958665 0
1787577199 34778862 24916970859 0
1787577200 34779039 24916983184 0
1787577201 34779273 24916995301 0
1787577202 34779435 24917007463 0
1787577203 34779595 24917019702 0
1787577204 34779775 24917031866 0
1787577205 34780085 24917044072 0
1787577206 34780531 24917056037 0
1787577207 34780886 24917068062 0
1787577208 34781592 24917078554 0
1787577209 34782603 24917089013 0
1787577210 34783637 24917099039 0
1787577211 34784579 24917109810 0
1787577212 34784731 24917122030 0
1787577213 34784870 24917134264 0
1787577214 34785002 24917146537 0
1787577215 34785164 24917158938 0
1787577216 34785291 24917171235 0
1787577217 34785442 24917183635 0
1787577218 34785551 24917195801 0
1787577219 34785739 24917207964 0
1787577220 34785950 24917220112 0
1787577221 34786078 24917232310 0
1787577222 34786220 24917244712 0
1787577223 34786338 24917256949 0
1787577224 34786469 24917269364 0
1787577225 34786622 24917281631 0
1787577226 34786731 24917293893 0
1787577227 34786846 24917306245 0
1787577228 34787039 24917318496 0
1787577229 34787262 24917330599 0
1787577230 34787447 24917342612 0
1787577232 34787598 24917354628 0
1787577233 34787853 24917366738 0
1787577234 34788288 24917378646 0
1787577235 34788800 24917390853 0
1787577236 34789103 24917402828 0
1787577237 34789963 24917412880 0
1787577238 34790951 24917422684 0
1787577239 34791910 24917432446 0
1787577240 34792684 24917442729 0
1787577241 34792874 24917454861 0
1787577242 34793027 24917466993 0
1787577243 34793171 24917479149 0
1787577244 34793295 24917491334 0
1787577245 34793435 24917503441 0
1787577246 34793588 24917515702 0
1787577247 34793729 24917527871 0
1787577248 34793887 24917540109 0
1787577249 34794070 24917552383 0
1787577250 34794249 24917564570 0
1787577251 34794419 24917576847 0
1787577252 34794549 24917589008 0
1787577253 34794690 24917601198 0
1787577254 34794842 24917613393 0
1787577255 34795008 24917625743 0
1787577256 34795138 24917637945 0
1787577257 34795306 24917650131 0
