1787577193 34777986 24916909334 0
1787577194 34778113 24916921543 0
1787577195 34778277 24916933812 0
1787577196 34778455 24916946109 0
1787577198 34778616 24916958374 0
1787577199 34778856 24916970627 0
1787577200 34779033 24916982906 0
1787577201 34779270 24916995017 0
1787577202 34779428 24917007304 0
1787577203 34779591 24917019423 0
1787577204 34779768 24917031548 0
1787577205 34780066 24917043513 0
1787577206 34780511 24917055493 0
1787577207 34780869 24917067476 0
1787577208 34781564 24917078319 0
1787577209 34782573 24917088742 0
1787577210 34783612 24917098783 0
1787577211 34784566 24917109176 0
1787577212 34784728 24917121316 0
1787577213 34784860 24917133589 0
1787577214 34784994 24917145881 0
1787577215 34785148 24917158137 0
1787577216 34785283 24917170351 0
1787577217 34785430 24917182638 0
1787577218 34785546 24917194933 0
1787577219 34785729 24917207091 0
1787577220 34785939 24917219201 0
1787577221 34786067 24917231387 0
1787577222 34786201 24917243709 0
1787577223 34786324 24917256090 0
1787577224 34786460 24917268318 0
1787577225 34786607 24917280541 0
1787577226 34786720 24917292908 0
1787577227 34786838 24917305225 0
1787577228 34787024 24917317423 0
1787577229 34787250 24917329677 0
1787577230 34787433 24917341886 0
1787577231 34787593 24917353970 0
1787577232 34787826 24917366044 0
1787577233 34788255 24917378005 0
1787577235 34788788 24917389965 0
1787577236 34789065 24917402078 0
1787577237 34789882 24917412105 0
1787577238 34790869 24917421772 0
1787577239 34791844 24917431804 0
1787577240 34792684 24917442725 0
1787577241 34792875 24917454888 0
1787577242 34793029 24917467076 0
1787577243 34793173 24917479287 0
1787577244 34793297 24917491428 0
1787577245 34793438 24917503578 0
1787577246 34793592 24917515818 0
1787577247 34793735 24917528018 0
1787577248 34793890 24917540188 0
1787577249 34794070 24917552308 0
1787577250 34794248 24917564532 0
1787577251 34794412 24917576650 0
1787577252 34794547 24917588941 0
1787577253 34794689 24917601122 0
1787577254 34794842 24917613399 0
1787577255 34795006 24917625626 0
1787577256 34795136 24917637826 0
1787577257 34795307 24917650166 0
