1787577621 34891049 24921868194 0
1787577622 34891269 24921880428 0
1787577623 34891760 24921892460 0
1787577624 34892387 24921904356 0
1787577625 34892824 24921916168 0
1787577626 34893774 24921925649 0
1787577628 34894831 24921934968 0
1787577629 34895877 24921944649 0
1787577630 34896644 24921954967 0
1787577631 34896872 24921967174 0
1787577632 34897116 24921979328 0
1787577633 34897329 24921991588 0
1787577634 34897509 24922003759 0
1787577635 34897657 24922015843 0
1787577636 34897852 24922027648 0
1787577637 34898034 24922039438 0
1787577638 34898225 24922051520 0
1787577639 34898415 24922063631 0
1787577640 34898559 24922075957 0
1787577641 34898815 24922087984 0
1787577642 34898964 24922100209 0
1787577643 34899110 24922112482 0
1787577644 34899281 24922124814 0
1787577645 34899452 24922137070 0
1787577646 34899621 24922149243 0
1787577647 34899753 24922161474 0
1787577648 34899928 24922173734 0
1787577649 34900158 24922186011 0
1787577650 34900411 24922198235 0
1787577651 34900585 24922210437 0
1787577652 34900758 24922222573 0
1787577653 34900976 24922234693 0
1787577654 34901396 24922246813 0
1787577655 34901890 24922258843 0
1787577656 34902514 24922270200 0
1787577657 34903371 24922279346 0
1787577658 34904449 24922289697 0
1787577659 34905519 24922299547 0
1787577660 34906017 24922310791 0
1787577661 34906188 24922322981 0
1787577663 34906344 24922335234 0
1787577664 34906488 24922347518 0
1787577665 34906656 24922359627 0
1787577666 34906796 24922371780 0
1787577667 34906936 24922384041 0
1787577668 34907097 24922396285 0
1787577669 34907264 24922408501 0
1787577670 34907431 24922420682 0
1787577671 34907626 24922432972 0
1787577672 34907775 24922445380 0
1787577673 34907936 24922457633 0
1787577674 34908092 24922469835 0
1787577675 34908319 24922482159 0
1787577676 34908546 24922494451 0
1787577677 34908700 24922506736 0
1787577678 34908919 24922518984 0
1787577679 34909126 24922531282 0
1787577680 34909344 24922543510 0
1787577681 34909559 24922555669 0
1787577682 34909751 24922567962 0
1787577683 34909953 24922580085 0
1787577684 34910291 24922592031 0
1787577685 34910858 24922604080 0
