1787577537 34869372 24920886373 0
1787577538 34870304 24920896196 0
1787577539 34871436 24920906942 0
1787577540 34872398 24920917158 0
1787577541 34872594 24920929300 0
1787577542 34872762 24920941481 0
1787577543 34872916 24920953866 0
1787577544 34873070 24920966432 0
1787577545 34873219 24920978888 0
1787577546 34873345 24920991192 0
1787577547 34873494 24921003468 0
1787577548 34873620 24921015825 0
1787577549 34873778 24921028168 0
1787577550 34873922 24921040430 0
1787577551 34874061 24921052847 0
1787577552 34874194 24921065060 0
1787577553 34874328 24921077444 0
1787577555 34874451 24921089675 0
1787577556 34874607 24921101940 0
1787577557 34874751 24921114350 0
1787577558 34874888 24921126568 0
1787577559 34875142 24921139094 0
1787577560 34875393 24921151155 0
1787577561 34875539 24921163301 0
1787577562 34875750 24921175668 0
1787577563 34875899 24921187813 0
1787577564 34876251 24921199620 0
1787577565 34876797 24921211608 0
1787577566 34877141 24921223741 0
1787577567 34878233 24921233837 0
1787577568 34879168 24921243077 0
1787577569 34880256 24921253176 0
1787577570 34880964 24921264412 0
1787577571 34881163 24921276453 0
1787577572 34881366 24921288568 0
1787577573 34881504 24921300801 0
1787577574 34881660 24921312877 0
1787577575 34881787 24921325027 0
1787577576 34881911 24921337341 0
1787577577 34882052 24921349511 0
1787577578 34882174 24921361778 0
1787577579 34882303 24921373998 0
1787577580 34882431 24921386188 0
1787577581 34882552 24921398360 0
1787577582 34882690 24921410706 0
1787577583 34882817 24921422964 0
1787577584 34882948 24921435242 0
1787577585 34883096 24921447528 0
1787577586 34883228 24921459928 0
1787577587 34883357 24921472296 0
1787577588 34883556 24921484530 0
1787577589 34883786 24921496691 0
1787577590 34883948 24921509046 0
1787577591 34884166 24921521202 0
1787577593 34884355 24921533547 0
1787577594 34884724 24921545579 0
1787577595 34885224 24921557572 0
1787577596 34885494 24921569523 0
1787577597 34886296 24921579354 0
1787577598 34887332 24921589146 0
1787577599 34888419 24921599209 0
1787577600 34889147 24921609876 0
1787577601 34889345 24921621908 0
