1787577537 34869370 24920886354 0
1787577538 34870296 24920896141 0
1787577539 34871572 24920908358 0
1787577540 34872428 24920918541 0
1787577541 34872612 24920931356 0
1787577542 34872788 24920943534 0
1787577543 34872967 24920957782 0
1787577545 34873132 24920970729 0
1787577546 34873275 24920983793 0
1787577547 34873397 24920996125 0
1787577548 34873545 24921008631 0
1787577549 34873691 24921020935 0
1787577550 34873835 24921033287 0
1787577551 34873976 24921045821 0
1787577552 34874103 24921058191 0
1787577553 34874261 24921070387 0
1787577554 34874390 24921082711 0
1787577555 34874507 24921095021 0
1787577556 34874671 24921107248 0
1787577557 34874815 24921119527 0
1787577558 34874949 24921131725 0
1787577559 34875206 24921143954 0
1787577560 34875450 24921156193 0
1787577561 34875631 24921168331 0
1787577562 34875794 24921180514 0
1787577563 34875992 24921192398 0
1787577564 34876445 24921204372 0
1787577565 34876943 24921216573 0
1787577566 34877530 24921228083 0
1787577568 34878635 24921237996 0
1787577569 34879898 24921249717 0
1787577570 34880896 24921260017 0
1787577571 34881105 24921272055 0
1787577572 34881283 24921284150 0
1787577573 34881443 24921296340 0
1787577574 34881617 24921308525 0
1787577575 34881730 24921320720 0
1787577576 34881872 24921332964 0
1787577577 34882004 24921345272 0
1787577578 34882133 24921357530 0
1787577579 34882253 24921369725 0
1787577580 34882389 24921382168 0
1787577581 34882508 24921394342 0
1787577582 34882651 24921406662 0
1787577583 34882770 24921418917 0
1787577584 34882910 24921431233 0
1787577585 34883033 24921443599 0
1787577586 34883171 24921455822 0
1787577587 34883312 24921468038 0
1787577588 34883483 24921480388 0
1787577589 34883739 24921492437 0
1787577590 34883886 24921504710 0
1787577591 34884107 24921516875 0
1787577592 34884278 24921530127 0
1787577593 34884593 24921541981 0
1787577594 34885138 24921554478 0
1787577595 34885396 24921566617 0
1787577596 34886082 24921577239 0
1787577597 34887125 24921587327 0
1787577599 34888182 24921597184 0
1787577600 34889114 24921608258 0
1787577601 34889317 24921620436 0
