1787577193 34777986 24916909332 0
1787577194 34778113 24916921540 0
1787577196 34778293 24916934630 0
1787577197 34778474 24916947720 0
1787577198 34778648 24916959939 0
1787577199 34778901 24916972920 0
1787577200 34779082 24916985168 0
1787577201 34779301 24916997546 0
1787577202 34779473 24917009869 0
1787577203 34779620 24917022018 0
1787577204 34779818 24917034238 0
1787577205 34780153 24917046358 0
1787577206 34780676 24917058392 0
1787577207 34780960 24917070975 0
1787577208 34781784 24917081171 0
1787577209 34782843 24917091372 0
1787577210 34783983 24917101567 0
1787577211 34784651 24917114234 0
1787577212 34784796 24917126428 0
1787577213 34784931 24917138758 0
1787577214 34785046 24917151268 0
1787577215 34785206 24917163386 0
1787577216 34785335 24917175720 0
1787577217 34785485 24917188011 0
1787577219 34785627 24917200114 0
1787577220 34785851 24917213308 0
1787577221 34786023 24917225587 0
1787577222 34786140 24917237794 0
1787577223 34786265 24917249977 0
1787577224 34786395 24917262245 0
1787577225 34786512 24917274480 0
1787577226 34786661 24917286720 0
1787577227 34786787 24917299044 0
1787577228 34786919 24917311397 0
1787577229 34787130 24917323518 0
1787577230 34787354 24917335967 0
1787577231 34787539 24917348006 0
1787577232 34787697 24917360607 0
1787577233 34788107 24917373594 0
1787577234 34788670 24917386525 0
1787577235 34788940 24917398620 0
1787577236 34789707 24917409265 0
1787577237 34790586 24917419029 0
1787577238 34791545 24917428682 0
1787577239 34792527 24917438788 0
1787577240 34792793 24917450459 0
1787577241 34792986 24917462647 0
1787577243 34793139 24917475915 0
1787577244 34793268 24917488042 0
1787577245 34793408 24917500158 0
1787577246 34793545 24917512360 0
1787577247 34793679 24917524629 0
1787577248 34793849 24917536912 0
1787577249 34794039 24917549095 0
1787577250 34794212 24917561385 0
1787577251 34794379 24917573704 0
1787577252 34794510 24917585888 0
1787577253 34794652 24917598112 0
1787577254 34794811 24917610328 0
1787577255 34794967 24917622655 0
1787577256 34795106 24917634898 0
1787577257 34795268 24917647032 0
