1787578532 35162936 24932360458 0
1787578533 35163107 24932372477 0
1787578534 35163314 24932384631 0
1787578535 35163551 24932396873 0
1787578536 35163808 24932409140 0
1787578537 35164070 24932421341 0
1787578538 35164323 24932433596 0
1787578539 35164536 24932445795 0
1787578540 35164656 24932458073 0
1787578541 35164788 24932470401 0
1787578542 35164957 24932482757 0
1787578544 35165109 24932495022 0
1787578545 35165285 24932507378 0
1787578546 35165441 24932519714 0
1787578547 35165588 24932531942 0
1787578548 35165750 24932544225 0
1787578549 35165962 24932556507 0
1787578550 35166202 24932568735 0
1787578551 35166528 24932580675 0
1787578552 35166761 24932592826 0
1787578553 35166993 24932605036 0
1787578554 35167223 24932617174 0
1787578555 35167604 24932629248 0
1787578556 35168147 24932641145 0
1787578557 35168510 24932653128 0
1787578558 35169231 24932664484 0
1787578559 35170141 24932674132 0
1787578560 35171231 24932684541 0
1787578561 35172281 24932694054 0
1787578562 35172671 24932705377 0
1787578563 35172771 24932717484 0
1787578564 35172867 24932729758 0
1787578565 35173007 24932741852 0
1787578566 35173147 24932754237 0
1787578567 35173285 24932766634 0
1787578568 35173432 24932779032 0
1787578569 35173569 24932791391 0
1787578570 35173695 24932803808 0
1787578571 35173810 24932816146 0
1787578572 35173931 24932828452 0
1787578574 35174052 24932840640 0
1787578575 35174181 24932852972 0
1787578576 35174322 24932865302 0
1787578577 35174443 24932877614 0
1787578578 35174558 24932889893 0
1787578579 35174741 24932902072 0
1787578580 35175029 24932913996 0
1787578581 35175175 24932926278 0
1787578582 35175353 24932938645 0
1787578583 35175479 24932950972 0
1787578584 35175663 24932962986 0
1787578585 35176108 24932975154 0
1787578586 35176563 24932987098 0
1787578587 35176878 24932999272 0
1787578588 35177654 24933008447 0
1787578589 35178679 24933018430 0
1787578590 35179568 24933027920 0
1787578591 35180627 24933038151 0
1787578592 35180916 24933050147 0
1787578593 35181122 24933062308 0
1787578594 35181253 24933074471 0
1787578595 35181427 24933086602 0
1787578596 35181586 24933098867 0
