1787562437 32599390 24743666170 0
1787562438 32599494 24743678501 0
1787562439 32599602 24743691414 0
1787562440 32599710 24743703588 0
1787562441 32599820 24743716373 0
1787562442 32599929 24743728531 0
1787562444 32600052 24743741399 0
1787562445 32600170 24743754545 0
1787562446 32600267 24743767814 0
1787562447 32600362 24743780802 0
1787562448 32600483 24743794038 0
1787562449 32600608 24743807049 0
1787562450 32600716 24743820131 0
1787562451 32600810 24743832256 0
1787562452 32600906 24743845320 0
1787562453 32601016 24743858426 0
1787562454 32601132 24743871411 0
1787562455 32601242 24743883546 0
1787562457 32601348 24743896404 0
1787562458 32601467 24743909613 0
1787562459 32601585 24743922694 0
1787562460 32601710 24743935906 0
1787562461 32601821 24743948962 0
1787562462 32601943 24743961133 0
1787562463 32602054 24743974111 0
1787562464 32602152 24743987106 0
1787562465 32602260 24743999301 0
1787562466 32602385 24744012255 0
1787562467 32602497 24744025408 0
1787562468 32602626 24744038393 0
1787562469 32602734 24744050563 0
1787562471 32602849 24744063614 0
1787562472 32602975 24744077780 0
1787562473 32603090 24744089918 0
1787562474 32603210 24744102814 0
1787562475 32603331 24744114997 0
1787562476 32603443 24744127776 0
1787562477 32603556 24744140924 0
1787562478 32603673 24744154212 0
1787562479 32603794 24744167398 0
1787562480 32603915 24744181510 0
