1787575509 34352227 24897323133 0
1787575510 34352320 24897335308 0
1787575511 34352422 24897347581 0
1787575512 34352526 24897359945 0
1787575513 34352640 24897372115 0
1787575514 34352747 24897384331 0
1787575515 34352848 24897396552 0
1787575516 34352941 24897408726 0
1787575517 34353046 24897420945 0
1787575518 34353140 24897433234 0
1787575519 34353379 24897445279 0
1787575520 34353487 24897457475 0
1787575521 34353640 24897469703 0
1787575522 34353764 24897481877 0
1787575523 34354043 24897493926 0
1787575524 34354486 24897505936 0
1787575525 34354780 24897517967 0
1787575526 34355461 24897528849 0
1787575527 34356320 24897538542 0
1787575528 34357168 24897547972 0
1787575529 34358076 24897557868 0
1787575530 34358617 24897568498 0
1787575531 34358724 24897580903 0
1787575532 34358835 24897593196 0
1787575533 34358961 24897605248 0
1787575534 34359072 24897617549 0
1787575535 34359199 24897629967 0
1787575536 34359315 24897642150 0
1787575537 34359441 24897654439 0
1787575538 34359567 24897666815 0
1787575539 34359673 24897678998 0
1787575540 34359782 24897691267 0
1787575541 34359906 24897703819 0
1787575543 34360022 24897716144 0
1787575544 34360138 24897728293 0
1787575545 34360268 24897740544 0
1787575546 34360369 24897752755 0
1787575547 34360486 24897764964 0
1787575548 34360613 24897777184 0
1787575549 34360824 24897789318 0
1787575550 34360933 24897801464 0
1787575551 34361087 24897813711 0
1787575552 34361233 24897825954 0
1787575553 34361506 24897837925 0
1787575554 34361962 24897849939 0
1787575555 34362284 24897862148 0
1787575556 34363020 24897872506 0
1787575557 34364043 24897882528 0
1787575558 34365065 24897892418 0
1787575559 34365922 24897903009 0
1787575560 34366038 24897915184 0
1787575561 34366157 24897927375 0
1787575562 34366272 24897939583 0
1787575563 34366402 24897951764 0
1787575564 34366547 24897963928 0
1787575565 34366658 24897976121 0
1787575566 34366782 24897988289 0
1787575567 34366898 24898000421 0
1787575568 34367004 24898012748 0
1787575569 34367131 24898024996 0
1787575570 34367235 24898037185 0
1787575571 34367291 24898049422 0
1787575572 34367341 24898061676 0
1787575573 34367384 24898073894 0
