1787562056 32577517 24739113332 0
1787562057 32577528 24739125500 0
1787562058 32577540 24739137713 0
1787562059 32577553 24739149909 0
1787562060 32577573 24739162118 0
1787562061 32577592 24739174315 0
1787562062 32577620 24739186501 0
1787562064 32577654 24739198697 0
1787562065 32577671 24739210885 0
1787562066 32577684 24739223112 0
1787562067 32577699 24739235341 0
1787562068 32577714 24739247538 0
1787562069 32577731 24739259854 0
1787562070 32577745 24739272053 0
1787562071 32577763 24739284227 0
1787562072 32577783 24739296490 0
1787562073 32577796 24739308674 0
1787562074 32577811 24739320902 0
1787562075 32577822 24739333270 0
1787562076 32577836 24739345475 0
1787562077 32577852 24739357681 0
1787562078 32577869 24739369858 0
1787562079 32577885 24739382044 0
1787562080 32577896 24739394239 0
1787562081 32577911 24739406441 0
1787562082 32577925 24739418638 0
1787562083 32577944 24739430895 0
1787562084 32577979 24739443109 0
1787562085 32577993 24739455282 0
1787562086 32578006 24739467450 0
1787562087 32578019 24739479660 0
1787562088 32578031 24739491868 0
1787562089 32578044 24739504038 0
1787562090 32578055 24739516207 0
1787562091 32578072 24739528422 0
1787562092 32578085 24739540611 0
1787562093 32578097 24739552942 0
1787562094 32578115 24739565181 0
1787562095 32578130 24739577388 0
1787562096 32578143 24739589559 0
1787562097 32578161 24739601719 0
1787562098 32578175 24739613898 0
1787562099 32578191 24739626224 0
1787562100 32578207 24739638431 0
1787562101 32578219 24739650800 0
1787562102 32578232 24739663005 0
1787562103 32578245 24739675208 0
1787562104 32578261 24739687459 0
1787562105 32578273 24739699756 0
1787562106 32578287 24739711937 0
1787562107 32578300 24739724285 0
1787562108 32578315 24739736467 0
1787562109 32578330 24739748763 0
1787562110 32578344 24739761127 0
1787562111 32578358 24739773312 0
1787562112 32578371 24739785577 0
1787562114 32578386 24739797944 0
1787562115 32578403 24739810211 0
1787562116 32578416 24739822384 0
1787562117 32578428 24739834551 0
1787562118 32578441 24739846769 0
1787562119 32578456 24739858949 0
1787562120 32578467 24739871099 0
