1787562606 32613660 24745681739 0
1787562607 32613763 24745693870 0
1787562608 32613866 24745706044 0
1787562609 32613978 24745718279 0
1787562610 32614079 24745730414 0
1787562611 32614178 24745742857 0
1787562612 32614285 24745755086 0
1787562613 32614377 24745767291 0
1787562614 32614463 24745779593 0
1787562615 32614563 24745791827 0
1787562616 32614661 24745804047 0
1787562617 32614753 24745816264 0
1787562618 32614869 24745828411 0
1787562619 32614983 24745840635 0
1787562620 32615106 24745852879 0
1787562621 32615210 24745865074 0
1787562622 32615320 24745877443 0
1787562623 32615443 24745889573 0
1787562624 32615540 24745901700 0
1787562625 32615650 24745913920 0
1787562626 32615770 24745926093 0
1787562628 32615883 24745938257 0
1787562629 32615988 24745950471 0
1787562630 32616088 24745962629 0
1787562631 32616196 24745974847 0
1787562632 32616314 24745987099 0
1787562633 32616430 24745999300 0
1787562634 32616526 24746011554 0
1787562635 32616628 24746023760 0
1787562636 32616742 24746035900 0
1787562637 32616854 24746048185 0
1787562638 32616951 24746060422 0
1787562639 32617057 24746072559 0
1787562640 32617167 24746084672 0
1787562641 32617276 24746096804 0
1787562642 32617377 24746108946 0
1787562643 32617493 24746121141 0
1787562644 32617600 24746133436 0
1787562645 32617719 24746145583 0
1787562646 32617816 24746157912 0
1787562647 32617922 24746170163 0
1787562648 32618026 24746182295 0
1787562649 32618119 24746194414 0
1787562650 32618243 24746206512 0
1787562651 32618353 24746218765 0
1787562652 32618463 24746230950 0
1787562653 32618553 24746243120 0
1787562654 32618661 24746255379 0
1787562655 32618772 24746267681 0
1787562656 32618870 24746279885 0
1787562657 32618971 24746292014 0
1787562658 32619068 24746304237 0
1787562659 32619176 24746316483 0
1787562660 32619280 24746328591 0
1787562661 32619410 24746340738 0
1787562662 32619522 24746352895 0
1787562663 32619631 24746365084 0
1787562664 32619741 24746377353 0
1787562665 32619849 24746389561 0
1787562666 32619944 24746401682 0
1787562667 32620079 24746413986 0
1787562668 32620204 24746426177 0
1787562669 32620318 24746438297 0
1787562670 32620426 24746450565 0
