1787576016 34477914 24903222124 0
1787576017 34478077 24903234355 0
1787576018 34478194 24903246926 0
1787576019 34478313 24903259227 0
1787576020 34478458 24903271574 0
1787576021 34478596 24903284095 0
1787576022 34478742 24903296328 0
1787576023 34478863 24903308544 0
1787576024 34479006 24903320824 0
1787576025 34479166 24903333085 0
1787576026 34479292 24903345332 0
1787576027 34479456 24903357572 0
1787576028 34479659 24903369895 0
1787576029 34479888 24903382008 0
1787576030 34480117 24903394160 0
1787576031 34480342 24903406297 0
1787576032 34480479 24903418545 0
1787576033 34480714 24903430688 0
1787576034 34481052 24903442658 0
1787576035 34481529 24903454769 0
1787576036 34481838 24903466790 0
1787576038 34482685 24903477762 0
1787576039 34483731 24903488332 0
1787576040 34484768 24903497993 0
1787576041 34485806 24903507868 0
1787576042 34486200 24903520209 0
1787576043 34486346 24903532362 0
1787576044 34486474 24903544558 0
1787576045 34486617 24903556708 0
1787576046 34486755 24903568949 0
1787576047 34486888 24903581172 0
1787576048 34487066 24903593114 0
1787576049 34487187 24903605041 0
1787576050 34487339 24903616903 0
1787576051 34487471 24903628925 0
1787576052 34487592 24903640835 0
1787576053 34487715 24903652867 0
1787576054 34487829 24903664801 0
1787576055 34487993 24903676671 0
1787576056 34488111 24903688626 0
1787576057 34488248 24903700600 0
1787576058 34488413 24903712531 0
1787576059 34488791 24903724232 0
1787576060 34488998 24903736141 0
1787576061 34489154 24903748174 0
1787576062 34489338 24903760267 0
1787576063 34489643 24903771819 0
1787576064 34490125 24903783532 0
1787576066 34490434 24903795479 0
1787576067 34490718 24903807441 0
1787576068 34491560 24903817572 0
1787576069 34492545 24903827111 0
1787576070 34493611 24903837481 0
1787576071 34494560 24903847866 0
1787576072 34494685 24903860117 0
1787576073 34494801 24903872356 0
1787576074 34494947 24903884506 0
1787576075 34495073 24903896800 0
1787576076 34495215 24903909047 0
1787576077 34495354 24903921372 0
1787576078 34495511 24903933685 0
1787576079 34495628 24903945978 0
1787576080 34495676 24903958225 0
