1787576183 34519168 24905152250 0
1787576184 34519679 24905164349 0
1787576185 34520053 24905176429 0
1787576186 34520955 24905186883 0
1787576187 34521950 24905196864 0
1787576188 34522944 24905206662 0
1787576189 34523720 24905217184 0
1787576190 34523871 24905229301 0
1787576191 34524014 24905241489 0
1787576192 34524144 24905253642 0
1787576193 34524270 24905266014 0
1787576194 34524387 24905278369 0
1787576195 34524537 24905290670 0
1787576196 34524673 24905303014 0
1787576197 34524808 24905315753 0
1787576198 34524915 24905327962 0
1787576199 34525045 24905340204 0
1787576200 34525185 24905352369 0
1787576201 34525305 24905364490 0
1787576202 34525439 24905376680 0
1787576203 34525569 24905388958 0
1787576204 34525735 24905401063 0
1787576205 34525854 24905413341 0
1787576206 34526005 24905425628 0
1787576208 34526143 24905438339 0
1787576209 34526394 24905450632 0
1787576210 34526678 24905462742 0
1787576211 34526863 24905474903 0
1787576212 34527037 24905487061 0
1787576213 34527222 24905499149 0
1787576214 34527548 24905511073 0
1787576215 34528011 24905523146 0
1787576216 34528388 24905535278 0
1787576217 34528658 24905547371 0
1787576218 34529594 24905557309 0
1787576219 34530810 24905567363 0
1787576220 34531996 24905577649 0
1787576221 34532164 24905589824 0
1787576222 34532284 24905602159 0
1787576223 34532414 24905614527 0
1787576224 34532555 24905626704 0
1787576225 34532693 24905638879 0
1787576226 34532807 24905651006 0
1787576227 34532924 24905663126 0
1787576228 34533086 24905675372 0
1787576229 34533216 24905687626 0
1787576230 34533340 24905699959 0
1787576231 34533479 24905712296 0
1787576232 34533602 24905724493 0
1787576233 34533745 24905737113 0
1787576234 34533875 24905749426 0
1787576235 34533995 24905761670 0
1787576236 34534119 24905773932 0
1787576237 34534262 24905786264 0
1787576238 34534458 24905798520 0
1787576239 34534712 24905810630 0
1787576240 34534860 24905823014 0
1787576242 34535074 24905835927 0
1787576243 34535300 24905848034 0
1787576244 34535643 24905860030 0
1787576245 34536101 24905872264 0
1787576246 34536414 24905884402 0
1787576247 34536911 24905895999 0
