1787578532 35162938 24932360474 0
1787578533 35163117 24932372993 0
1787578534 35163351 24932386000 0
1787578535 35163573 24932398053 0
1787578536 35163851 24932410737 0
1787578538 35164091 24932422913 0
1787578539 35164359 24932435742 0
1787578540 35164574 24932449926 0
1787578541 35164700 24932462095 0
1787578542 35164834 24932474533 0
1787578543 35165012 24932486963 0
1787578544 35165189 24932499951 0
1787578545 35165373 24932513075 0
1787578546 35165515 24932525353 0
1787578547 35165688 24932537606 0
1787578548 35165830 24932549865 0
1787578549 35166094 24932563150 0
1787578550 35166455 24932575193 0
1787578551 35166657 24932587546 0
1787578552 35166909 24932600878 0
1787578553 35167144 24932613145 0
1787578554 35167489 24932625154 0
1787578556 35167954 24932637069 0
1787578557 35168422 24932649913 0
1787578558 35169062 24932662070 0
1787578559 35169961 24932671851 0
1787578560 35171090 24932682632 0
1787578561 35172197 24932693333 0
1787578562 35172659 24932704924 0
1787578563 35172763 24932717021 0
1787578564 35172861 24932729261 0
1787578565 35173000 24932741468 0
1787578566 35173139 24932753612 0
1787578567 35173288 24932766726 0
1787578568 35173440 24932779960 0
1787578569 35173583 24932792394 0
1787578570 35173703 24932804689 0
1787578572 35173816 24932817004 0
1787578573 35173938 24932829355 0
1787578574 35174072 24932841901 0
1787578575 35174194 24932854221 0
1787578576 35174332 24932866529 0
1787578577 35174462 24932878935 0
1787578578 35174583 24932891244 0
1787578579 35174777 24932904106 0
1787578580 35175063 24932916110 0
1787578581 35175213 24932928443 0
1787578582 35175377 24932940779 0
1787578583 35175517 24932953092 0
1787578584 35175736 24932965036 0
1787578585 35176197 24932977111 0
1787578586 35176595 24932989011 0
1787578587 35176990 24933001232 0
1787578588 35177872 24933010881 0
1787578589 35178971 24933021030 0
1787578591 35179898 24933030997 0
1787578592 35180839 24933043849 0
1787578593 35181039 24933056685 0
1787578594 35181206 24933069822 0
1787578595 35181359 24933081918 0
1787578596 35181517 24933094141 0
