1787575179 34264949 24893514269 0
1787575180 34266437 24893523676 0
1787575181 34267937 24893532218 0
1787575182 34269230 24893543752 0
1787575183 34270105 24893554363 0
1787575184 34270473 24893566272 0
1787575185 34270790 24893578266 0
1787575186 34271083 24893590162 0
1787575187 34271405 24893602174 0
1787575188 34271763 24893614097 0
1787575189 34272255 24893625961 0
1787575190 34272600 24893637908 0
1787575191 34272958 24893649938 0
1787575192 34273347 24893661951 0
1787575193 34273821 24893673439 0
1787575194 34274568 24893685170 0
1787575195 34275092 24893696952 0
1787575196 34276055 24893707269 0
1787575197 34277106 24893716916 0
1787575198 34278189 24893726414 0
1787575199 34279316 24893736921 0
1787575201 34279477 24893749065 0
1787575202 34279606 24893761388 0
1787575203 34279724 24893773762 0
1787575204 34279855 24893786215 0
1787575205 34279988 24893798611 0
1787575206 34280106 24893810937 0
1787575207 34280232 24893823216 0
1787575208 34280334 24893835523 0
1787575209 34280451 24893847830 0
1787575210 34280555 24893860265 0
1787575211 34280669 24893872508 0
1787575212 34280770 24893885049 0
1787575213 34280903 24893897602 0
1787575214 34281018 24893909870 0
1787575215 34281116 24893922262 0
1787575216 34281225 24893934547 0
1787575217 34281322 24893946882 0
1787575218 34281494 24893959054 0
1787575219 34281694 24893971294 0
1787575220 34281882 24893983444 0
1787575221 34282025 24893995590 0
1787575222 34282124 24894007873 0
1787575223 34282308 24894020050 0
1787575224 34282647 24894032160 0
1787575225 34283130 24894044305 0
1787575226 34283408 24894056249 0
1787575227 34284269 24894065992 0
1787575228 34285358 24894076646 0
1787575230 34286343 24894086409 0
1787575231 34287233 24894096495 0
1787575232 34287360 24894108699 0
1787575233 34287492 24894121110 0
1787575234 34287603 24894133265 0
1787575235 34287744 24894145441 0
1787575236 34287859 24894157689 0
1787575237 34287985 24894169989 0
1787575238 34288110 24894182370 0
1787575239 34288223 24894194630 0
1787575240 34288286 24894206960 0
1787575241 34288342 24894219213 0
1787575242 34288388 24894231388 0
1787575243 34288435 24894243614 0
