1787575509 34352230 24897323256 0
1787575510 34352323 24897335543 0
1787575511 34352427 24897347863 0
1787575512 34352527 24897359998 0
1787575513 34352645 24897372262 0
1787575514 34352749 24897384406 0
1787575515 34352848 24897396585 0
1787575516 34352941 24897408759 0
1787575517 34353051 24897421360 0
1787575518 34353158 24897433781 0
1787575519 34353386 24897446181 0
1787575520 34353503 24897458439 0
1787575521 34353652 24897470749 0
1787575522 34353785 24897482969 0
1787575523 34354075 24897494974 0
1787575524 34354539 24897507017 0
1787575525 34354818 24897519146 0
1787575526 34355556 24897529732 0
1787575527 34356445 24897540172 0
1787575528 34357356 24897550215 0
1787575529 34358353 24897560509 0
1787575530 34358648 24897572069 0
1787575531 34358761 24897584341 0
1787575532 34358869 24897596605 0
1787575534 34358991 24897608986 0
1787575535 34359113 24897621290 0
1787575536 34359232 24897633718 0
1787575537 34359350 24897645917 0
1787575538 34359481 24897658161 0
1787575539 34359598 24897670441 0
1787575540 34359707 24897682783 0
1787575541 34359830 24897695058 0
1787575542 34359940 24897707360 0
1787575543 34360058 24897719590 0
1787575544 34360176 24897731771 0
1787575545 34360294 24897744004 0
1787575546 34360408 24897756217 0
1787575547 34360526 24897768661 0
1787575548 34360667 24897780861 0
1787575549 34360881 24897793062 0
1787575550 34360993 24897805320 0
1787575551 34361123 24897817536 0
1787575552 34361296 24897829775 0
1787575553 34361620 24897841717 0
1787575554 34362118 24897853887 0
1787575555 34362392 24897865934 0
1787575556 34363304 24897875434 0
1787575557 34364386 24897885643 0
1787575558 34365398 24897895855 0
1787575559 34365954 24897906723 0
1787575560 34366079 24897918951 0
1787575561 34366191 24897931223 0
1787575562 34366316 24897943449 0
1787575563 34366444 24897955553 0
1787575564 34366590 24897967615 0
1787575565 34366699 24897979858 0
1787575566 34366826 24897992132 0
1787575567 34366943 24898004339 0
1787575569 34367048 24898016554 0
1787575570 34367177 24898028862 0
1787575571 34367255 24898041146 0
1787575572 34367305 24898053314 0
1787575573 34367359 24898065561 0
