1787575602 34372691 24898406547 0
1787575603 34372856 24898418835 0
1787575604 34373003 24898430944 0
1787575605 34373156 24898443348 0
1787575606 34373295 24898455519 0
1787575607 34373450 24898467710 0
1787575608 34373595 24898479873 0
1787575609 34373880 24898491895 0
1787575610 34374097 24898504529 0
1787575611 34374256 24898516703 0
1787575612 34374577 24898529489 0
1787575613 34374992 24898541529 0
1787575614 34375477 24898553536 0
1787575615 34375938 24898565214 0
1787575616 34376493 24898575535 0
1787575617 34377426 24898585731 0
1787575618 34378454 24898595628 0
1787575619 34379202 24898606440 0
1787575620 34379378 24898618868 0
1787575621 34379533 24898631240 0
1787575622 34379668 24898643510 0
1787575623 34379824 24898655713 0
1787575624 34379983 24898667951 0
1787575625 34380147 24898680173 0
1787575626 34380288 24898692453 0
1787575628 34380436 24898704756 0
1787575629 34380571 24898716960 0
1787575630 34380721 24898729135 0
1787575631 34380898 24898741755 0
1787575632 34381029 24898753918 0
1787575633 34381183 24898766195 0
1787575634 34381314 24898778484 0
1787575635 34381470 24898790749 0
1787575636 34381635 24898803915 0
1787575637 34381755 24898816165 0
1787575638 34381913 24898828374 0
1787575639 34382201 24898840359 0
1787575640 34382374 24898852569 0
1787575641 34382578 24898864730 0
1787575642 34382773 24898877514 0
1787575643 34383217 24898889486 0
1787575644 34383705 24898901496 0
1787575645 34384341 24898912104 0
1787575646 34385266 24898922597 0
1787575647 34386292 24898933809 0
1787575648 34387122 24898944479 0
1787575649 34387304 24898956752 0
1787575650 34387546 24898968705 0
1787575651 34387676 24898980978 0
1787575652 34387858 24898993173 0
1787575653 34388019 24899005325 0
1787575654 34388167 24899017693 0
1787575655 34388306 24899029884 0
1787575657 34388433 24899042226 0
1787575658 34388571 24899054459 0
1787575659 34388712 24899066657 0
1787575660 34388843 24899078830 0
1787575661 34388961 24899091057 0
1787575662 34389107 24899103205 0
1787575663 34389271 24899115524 0
1787575664 34389409 24899127724 0
1787575665 34389528 24899139977 0
1787575666 34389615 24899152216 0
