1787577887 34964614 24924941698 0
1787577888 34964815 24924953799 0
1787577889 34965085 24924965842 0
1787577890 34965325 24924977944 0
1787577891 34965582 24924989911 0
1787577893 34966042 24925001847 0
1787577894 34966612 24925013762 0
1787577895 34966992 24925025795 0
1787577896 34967731 24925035483 0
1787577897 34968661 24925045454 0
1787577898 34969720 24925055847 0
1787577899 34970757 24925065189 0
1787577900 34971041 24925077538 0
1787577901 34971200 24925089709 0
1787577902 34971365 24925102068 0
1787577903 34971497 24925114405 0
1787577904 34971645 24925126474 0
1787577905 34971764 24925138687 0
1787577906 34971906 24925150884 0
1787577907 34972054 24925163014 0
1787577908 34972213 24925175285 0
1787577909 34972359 24925187474 0
1787577910 34972547 24925199567 0
1787577911 34972780 24925211647 0
1787577912 34972999 24925223710 0
1787577913 34973211 24925235866 0
1787577914 34973414 24925248058 0
1787577915 34973597 24925260360 0
1787577916 34973832 24925272482 0
1787577917 34974066 24925284807 0
1787577918 34974321 24925296940 0
1787577919 34974698 24925308996 0
1787577920 34975026 24925321115 0
1787577921 34975318 24925333238 0
1787577923 34975577 24925345382 0
1787577924 34975969 24925357314 0
1787577925 34976574 24925369267 0
1787577926 34977055 24925381252 0
1787577927 34977853 24925391896 0
1787577928 34978911 24925402451 0
1787577929 34980036 24925412182 0
1787577930 34981083 24925421777 0
1787577931 34981382 24925433339 0
1787577932 34981630 24925445479 0
1787577933 34981868 24925457527 0
1787577934 34982084 24925469662 0
1787577935 34982320 24925481764 0
1787577936 34982549 24925493754 0
1787577937 34982765 24925505952 0
1787577938 34982991 24925518105 0
1787577939 34983206 24925530217 0
1787577940 34983444 24925542288 0
1787577941 34983680 24925554535 0
1787577942 34983918 24925566916 0
1787577943 34984139 24925579008 0
1787577944 34984387 24925591288 0
1787577945 34984639 24925603442 0
1787577946 34984866 24925615513 0
1787577947 34985094 24925627583 0
1787577948 34985355 24925639722 0
1787577949 34985695 24925651679 0
1787577950 34985951 24925663794 0
1787577951 34986190 24925675831 0
