1787562606 32613660 24745681739 0
1787562607 32613771 24745694575 0
1787562608 32613888 24745707751 0
1787562609 32614004 24745720978 0
1787562610 32614114 24745734175 0
1787562612 32614223 24745747334 0
1787562613 32614331 24745760514 0
1787562614 32614432 24745774653 0
1787562615 32614528 24745787944 0
1787562616 32614635 24745801054 0
1787562617 32614744 24745815279 0
1787562618 32614870 24745828444 0
1787562619 32614991 24745841596 0
1787562621 32615117 24745853740 0
1787562622 32615252 24745867923 0
1787562623 32615368 24745882107 0
1787562624 32615485 24745895245 0
1787562625 32615598 24745908274 0
1787562626 32615729 24745921410 0
1787562627 32615855 24745934508 0
1787562628 32615963 24745947616 0
1787562629 32616069 24745960776 0
1787562631 32616186 24745973831 0
1787562632 32616313 24745987049 0
1787562633 32616436 24746000106 0
1787562634 32616547 24746013325 0
1787562635 32616663 24746027506 0
1787562636 32616784 24746039619 0
1787562637 32616890 24746053731 0
1787562638 32617000 24746066814 0
1787562639 32617123 24746078925 0
1787562640 32617233 24746091979 0
1787562641 32617346 24746104097 0
1787562643 32617461 24746118113 0
1787562644 32617574 24746130220 0
1787562645 32617700 24746143170 0
1787562646 32617802 24746156320 0
1787562647 32617916 24746169498 0
1787562648 32618030 24746182633 0
1787562649 32618126 24746194773 0
1787562650 32618252 24746207693 0
1787562651 32618366 24746219921 0
1787562652 32618482 24746232745 0
1787562653 32618595 24746246871 0
1787562655 32618708 24746259037 0
1787562656 32618823 24746273115 0
1787562657 32618927 24746286343 0
1787562658 32619035 24746299419 0
1787562659 32619156 24746313612 0
1787562660 32619266 24746326910 0
1787562661 32619414 24746341029 0
1787562663 32619542 24746354398 0
1787562664 32619665 24746368548 0
1787562665 32619797 24746382890 0
1787562666 32619901 24746396007 0
1787562667 32620026 24746409189 0
1787562668 32620163 24746422092 0
1787562669 32620291 24746435240 0
1787562670 32620403 24746448392 0
