1787562437 32599388 24743666149 0
1787562438 32599489 24743678286 0
1787562439 32599592 24743690401 0
1787562440 32599698 24743702738 0
1787562441 32599808 24743715017 0
1787562442 32599912 24743727172 0
1787562443 32600036 24743739345 0
1787562444 32600150 24743751502 0
1787562445 32600239 24743763767 0
1787562446 32600325 24743776017 0
1787562447 32600429 24743788233 0
1787562448 32600534 24743800351 0
1787562449 32600660 24743812655 0
1787562451 32600759 24743824856 0
1787562452 32600849 24743837086 0
1787562453 32600938 24743849220 0
1787562454 32601045 24743861509 0
1787562455 32601156 24743873691 0
1787562456 32601265 24743885864 0
1787562457 32601363 24743898019 0
1787562458 32601475 24743910296 0
1787562459 32601580 24743922504 0
1787562460 32601693 24743934735 0
1787562461 32601802 24743946915 0
1787562462 32601917 24743959040 0
1787562463 32602024 24743971292 0
1787562464 32602123 24743983418 0
1787562465 32602229 24743995641 0
1787562466 32602340 24744008005 0
1787562467 32602452 24744020210 0
1787562468 32602566 24744032458 0
1787562469 32602684 24744044673 0
1787562470 32602784 24744056791 0
1787562471 32602899 24744068950 0
1787562472 32603007 24744081093 0
1787562473 32603123 24744093220 0
1787562474 32603240 24744105345 0
1787562475 32603361 24744117563 0
1787562476 32603461 24744129751 0
1787562477 32603565 24744141876 0
1787562478 32603664 24744153998 0
1787562479 32603786 24744166410 0
1787562480 32603894 24744178712 0
