1787574852 34125774 24889814927 0
1787574853 34125897 24889827074 0
1787574854 34126011 24889839296 0
1787574855 34126125 24889851563 0
1787574856 34126235 24889863776 0
1787574857 34126342 24889876179 0
1787574858 34126516 24889888433 0
1787574859 34126726 24889900750 0
1787574860 34126999 24889912807 0
1787574861 34127179 24889925153 0
1787574862 34127321 24889937447 0
1787574863 34127473 24889949560 0
1787574864 34127736 24889961639 0
1787574865 34128156 24889973654 0
1787574866 34128493 24889985674 0
1787574867 34129050 24889997135 0
1787574868 34129869 24890007725 0
1787574869 34130798 24890017927 0
1787574871 34131703 24890027842 0
1787574872 34132166 24890039799 0
1787574873 34132350 24890051811 0
1787574874 34132518 24890063913 0
1787574875 34132623 24890076179 0
1787574876 34132814 24890088323 0
1787574877 34133059 24890100492 0
1787574878 34133274 24890112744 0
1787574879 34133380 24890124941 0
1787574880 34133493 24890137424 0
1787574881 34133598 24890149695 0
1787574882 34133701 24890161941 0
1787574883 34133960 24890173991 0
1787574884 34134234 24890186064 0
1787574885 34134519 24890198113 0
1787574886 34134813 24890210065 0
1787574887 34135117 24890222146 0
1787574888 34135447 24890234207 0
1787574889 34135917 24890245994 0
1787574890 34136266 24890258086 0
1787574891 34136436 24890270238 0
1787574892 34136650 24890282421 0
1787574893 34137006 24890294426 0
1787574894 34137498 24890306588 0
1787574895 34137813 24890318530 0
1787574896 34138715 24890328604 0
1787574897 34139900 24890338586 0
1787574898 34141059 24890348715 0
1787574899 34142036 24890360370 0
1787574900 34142362 24890372319 0
1787574902 34142669 24890384368 0
1787574903 34142973 24890396377 0
1787574904 34143262 24890408486 0
1787574905 34143578 24890420615 0
1787574906 34143882 24890432647 0
1787574907 34144178 24890444554 0
1787574908 34144496 24890456593 0
1787574909 34144789 24890468550 0
1787574910 34145068 24890480629 0
1787574911 34145325 24890492653 0
1787574912 34145449 24890504879 0
1787574913 34145536 24890517102 0
1787574914 34145625 24890529417 0
1787574915 34145680 24890541663 0
1787574916 34145820 24890553910 0
