1787562606 32613660 24745681742 0
1787562607 32613764 24745693926 0
1787562608 32613869 24745706162 0
1787562609 32613979 24745718329 0
1787562610 32614081 24745730489 0
1787562611 32614179 24745742932 0
1787562612 32614287 24745755448 0
1787562613 32614387 24745767761 0
1787562614 32614470 24745779945 0
1787562615 32614565 24745792255 0
1787562616 32614665 24745804576 0
1787562617 32614763 24745816886 0
1787562618 32614878 24745829106 0
1787562619 32614988 24745841452 0
1787562620 32615114 24745853646 0
1787562621 32615223 24745865885 0
1787562622 32615329 24745878087 0
1787562623 32615447 24745890225 0
1787562625 32615546 24745902339 0
1787562626 32615661 24745914513 0
1787562627 32615784 24745926765 0
1787562628 32615891 24745938998 0
1787562629 32615990 24745951167 0
1787562630 32616096 24745963410 0
1787562631 32616203 24745975546 0
1787562632 32616320 24745988044 0
1787562633 32616439 24746000228 0
1787562634 32616539 24746012425 0
1787562635 32616637 24746024638 0
1787562636 32616753 24746036890 0
1787562637 32616863 24746049277 0
1787562638 32616961 24746061579 0
1787562639 32617071 24746073738 0
1787562640 32617182 24746085972 0
1787562641 32617290 24746098166 0
1787562642 32617389 24746110401 0
1787562643 32617501 24746122637 0
1787562644 32617617 24746134838 0
1787562645 32617737 24746147011 0
1787562646 32617823 24746159156 0
1787562647 32617932 24746171400 0
1787562648 32618040 24746183750 0
1787562649 32618140 24746196024 0
1787562650 32618260 24746208237 0
1787562651 32618368 24746220463 0
1787562652 32618479 24746232604 0
1787562653 32618576 24746244995 0
1787562654 32618686 24746257377 0
1787562655 32618787 24746269654 0
1787562656 32618895 24746281923 0
1787562657 32618989 24746294038 0
1787562658 32619092 24746306218 0
1787562659 32619197 24746318480 0
1787562660 32619311 24746330937 0
1787562661 32619432 24746343059 0
1787562663 32619548 24746355269 0
1787562664 32619659 24746367672 0
1787562665 32619770 24746379833 0
1787562666 32619871 24746392095 0
1787562667 32619972 24746404291 0
1787562668 32620117 24746416543 0
1787562669 32620229 24746428780 0
1787562670 32620340 24746440969 0
