1787562056 32577517 24739113348 0
1787562057 32577529 24739125538 0
1787562058 32577540 24739137713 0
1787562059 32577554 24739150011 0
1787562060 32577577 24739162382 0
1787562062 32577597 24739174561 0
1787562063 32577624 24739186735 0
1787562064 32577658 24739198904 0
1787562065 32577675 24739211094 0
1787562066 32577688 24739223289 0
1787562067 32577701 24739235568 0
1787562068 32577719 24739247793 0
1787562069 32577733 24739260059 0
1787562070 32577747 24739272242 0
1787562071 32577765 24739284432 0
1787562072 32577785 24739296815 0
1787562073 32577799 24739309007 0
1787562074 32577812 24739321190 0
1787562075 32577824 24739333472 0
1787562076 32577838 24739345704 0
1787562077 32577853 24739357976 0
1787562078 32577872 24739370171 0
1787562079 32577887 24739382407 0
1787562080 32577898 24739394609 0
1787562081 32577914 24739406939 0
1787562082 32577928 24739419111 0
1787562083 32577948 24739431442 0
