1787563988 32734026 24762187247 0
1787563989 32734148 24762199424 0
1787563990 32734297 24762211725 0
1787563991 32734452 24762223906 0
1787563992 32734573 24762236206 0
1787563993 32734703 24762248319 0
1787563994 32734827 24762260455 0
1787563995 32734951 24762272712 0
1787563996 32735077 24762284879 0
1787563997 32735205 24762297055 0
1787563998 32735347 24762309278 0
1787563999 32735493 24762321421 0
1787564000 32735618 24762333625 0
1787564001 32735754 24762345827 0
1787564002 32735897 24762358001 0
1787564003 32736027 24762370472 0
1787564004 32736164 24762382648 0
1787564005 32736289 24762394869 0
1787564006 32736424 24762407283 0
1787564007 32736539 24762419616 0
1787564008 32736654 24762431709 0
1787564009 32736773 24762443937 0
1787564010 32736880 24762456079 0
1787564011 32736985 24762468199 0
1787564012 32737102 24762480463 0
1787564013 32737230 24762492647 0
1787564014 32737350 24762504849 0
1787564015 32737460 24762517118 0
1787564016 32737589 24762529387 0
1787564017 32737692 24762541552 0
1787564018 32737813 24762553755 0
1787564019 32737938 24762565973 0
1787564020 32738072 24762578308 0
1787564021 32738204 24762590659 0
1787564022 32738330 24762602792 0
1787564023 32738464 24762615123 0
1787564024 32738578 24762627247 0
1787564025 32738693 24762639350 0
1787564026 32738817 24762651541 0
1787564027 32738945 24762663688 0
1787564029 32739078 24762675930 0
1787564030 32739213 24762688187 0
1787564031 32739349 24762700331 0
1787564032 32739479 24762712469 0
1787564033 32739601 24762724718 0
1787564034 32739742 24762736835 0
1787564035 32739885 24762749022 0
1787564036 32740020 24762761209 0
1787564037 32740163 24762773438 0
1787564038 32740302 24762785712 0
1787564039 32740461 24762797943 0
1787564040 32740571 24762810155 0
1787564041 32740696 24762822314 0
1787564042 32740835 24762834527 0
1787564043 32740962 24762846792 0
1787564044 32741093 24762859126 0
1787564045 32741215 24762871257 0
1787564046 32741351 24762883399 0
1787564047 32741499 24762895543 0
1787564048 32741629 24762907652 0
1787564049 32741738 24762919846 0
1787564050 32741771 24762932115 0
1787564051 32741784 24762944304 0
