1787577887 34964614 24924941698 0
1787577888 34964815 24924953806 0
1787577889 34965084 24924965833 0
1787577890 34965322 24924977886 0
1787577891 34965582 24924989915 0
1787577893 34966034 24925001721 0
1787577894 34966608 24925013691 0
1787577895 34966990 24925025742 0
1787577896 34967744 24925035566 0
1787577897 34968667 24925045557 0
1787577898 34969726 24925055889 0
1787577899 34970768 24925065294 0
1787577900 34971035 24925077241 0
1787577901 34971191 24925089432 0
1787577902 34971359 24925101726 0
1787577903 34971494 24925114087 0
1787577904 34971640 24925126157 0
1787577905 34971757 24925138345 0
1787577906 34971897 24925150472 0
1787577907 34972047 24925162677 0
1787577908 34972207 24925174870 0
1787577909 34972353 24925187122 0
1787577910 34972541 24925199392 0
1787577911 34972777 24925211511 0
1787577912 34972998 24925223638 0
1787577913 34973206 24925235680 0
1787577914 34973411 24925247983 0
1787577915 34973597 24925260309 0
1787577916 34973831 24925272433 0
1787577917 34974066 24925284807 0
1787577918 34974325 24925297045 0
1787577919 34974714 24925309302 0
1787577920 34975035 24925321411 0
1787577922 34975326 24925333494 0
1787577923 34975583 24925345550 0
1787577924 34975978 24925357455 0
1787577925 34976579 24925369358 0
1787577926 34977060 24925381353 0
1787577927 34977870 24925392072 0
1787577928 34978961 24925402760 0
1787577929 34980108 24925412757 0
1787577930 34981100 24925422227 0
1787577931 34981391 24925433938 0
1787577932 34981641 24925446007 0
1787577933 34981881 24925458156 0
1787577934 34982102 24925470198 0
1787577935 34982334 24925482207 0
1787577936 34982559 24925494228 0
1787577937 34982771 24925506289 0
1787577938 34982999 24925518455 0
1787577939 34983215 24925530469 0
1787577940 34983449 24925542527 0
1787577941 34983684 24925554670 0
1787577942 34983915 24925566844 0
1787577943 34984139 24925579008 0
1787577944 34984387 24925591251 0
1787577945 34984639 24925603430 0
1787577946 34984873 24925615738 0
1787577947 34985098 24925627836 0
1787577948 34985362 24925640022 0
1787577949 34985704 24925651937 0
1787577950 34985961 24925664053 0
1787577951 34986199 24925676160 0
