1787575509 34352230 24897323239 0
1787575510 34352326 24897335662 0
1787575511 34352428 24897347892 0
1787575512 34352529 24897360069 0
1787575513 34352642 24897372204 0
1787575514 34352749 24897384424 0
1787575515 34352850 24897396616 0
1787575516 34352943 24897408812 0
1787575517 34353048 24897421193 0
1787575518 34353145 24897433376 0
1787575519 34353382 24897445710 0
1787575520 34353493 24897457847 0
1787575521 34353644 24897470119 0
1787575522 34353773 24897482462 0
1787575523 34354061 24897494532 0
1787575524 34354520 24897506689 0
1787575525 34354800 24897518666 0
1787575526 34355500 24897529298 0
1787575527 34356445 24897540173 0
1787575528 34357354 24897550175 0
1787575529 34358346 24897560466 0
1787575530 34358644 24897571994 0
1787575531 34358762 24897584391 0
1787575533 34358875 24897596762 0
1787575534 34358990 24897608958 0
1787575535 34359113 24897621205 0
1787575536 34359230 24897633550 0
1787575537 34359348 24897645746 0
1787575538 34359477 24897657972 0
1787575539 34359597 24897670301 0
1787575540 34359703 24897682600 0
1787575541 34359825 24897694858 0
1787575542 34359937 24897707213 0
1787575543 34360057 24897719514 0
1787575544 34360177 24897731832 0
1787575545 34360296 24897744110 0
1787575546 34360409 24897756276 0
1787575547 34360524 24897768456 0
1787575548 34360665 24897780736 0
1787575549 34360878 24897792812 0
1787575550 34360985 24897805068 0
1787575551 34361120 24897817372 0
1787575552 34361290 24897829555 0
1787575553 34361612 24897841404 0
1787575554 34362102 24897853473 0
1787575555 34362379 24897865573 0
1787575556 34363261 24897875068 0
1787575557 34364333 24897885146 0
1787575558 34365369 24897895542 0
1787575559 34365952 24897906582 0
1787575560 34366077 24897918670 0
1787575561 34366187 24897930883 0
1787575562 34366306 24897943076 0
1787575563 34366437 24897955126 0
1787575564 34366586 24897967255 0
1787575565 34366693 24897979488 0
1787575566 34366822 24897991930 0
1787575567 34366937 24898004122 0
1787575569 34367046 24898016358 0
1787575570 34367169 24898028508 0
1787575571 34367252 24898040677 0
1787575572 34367302 24898052872 0
1787575573 34367357 24898065120 0
