1787574852 34125774 24889814927 0
1787574853 34125898 24889827114 0
1787574854 34126017 24889839625 0
1787574855 34126127 24889852024 0
1787574856 34126242 24889864374 0
1787574857 34126351 24889876741 0
1787574858 34126531 24889889078 0
1787574859 34126740 24889901356 0
1787574860 34127007 24889913420 0
1787574861 34127195 24889925802 0
1787574862 34127331 24889938050 0
1787574863 34127488 24889950279 0
1787574864 34127755 24889962228 0
1787574865 34128175 24889974132 0
1787574866 34128509 24889986270 0
1787574867 34129101 24889997906 0
1787574868 34129941 24890008469 0
1787574870 34130843 24890018387 0
1787574871 34131742 24890028662 0
1787574872 34132170 24890040015 0
1787574873 34132356 24890052010 0
1787574874 34132522 24890064180 0
1787574875 34132628 24890076414 0
1787574876 34132822 24890088502 0
1787574877 34133062 24890100589 0
1787574878 34133274 24890112737 0
1787574879 34133383 24890125045 0
1787574880 34133491 24890137413 0
1787574881 34133597 24890149602 0
1787574882 34133699 24890161830 0
1787574883 34133957 24890173915 0
1787574884 34134231 24890186009 0
1787574885 34134513 24890197940 0
1787574886 34134810 24890209956 0
1787574887 34135111 24890222040 0
1787574888 34135439 24890234019 0
1787574889 34135908 24890245735 0
1787574890 34136257 24890257730 0
1787574891 34136425 24890269838 0
1787574892 34136635 24890281874 0
1787574893 34136980 24890293880 0
1787574894 34137480 24890305938 0
1787574895 34137787 24890317919 0
1787574896 34138669 24890327988 0
1787574897 34139833 24890338096 0
1787574898 34140991 24890348199 0
1787574899 34142000 24890359226 0
1787574900 34142335 24890371040 0
1787574901 34142632 24890383122 0
1787574902 34142945 24890395183 0
1787574903 34143230 24890407163 0
1787574905 34143539 24890419270 0
1787574906 34143845 24890431383 0
1787574907 34144145 24890443325 0
1787574908 34144468 24890455286 0
1787574909 34144755 24890467211 0
1787574910 34145031 24890479160 0
1787574911 34145299 24890491111 0
1787574912 34145430 24890503356 0
1787574913 34145524 24890515540 0
1787574914 34145612 24890527820 0
1787574915 34145673 24890540044 0
1787574916 34145774 24890552167 0
