1787575179 34264967 24893514375 0
1787575180 34266491 24893523915 0
1787575181 34267952 24893532344 0
1787575182 34269294 24893544269 0
1787575183 34270139 24893555380 0
1787575184 34270503 24893567256 0
1787575185 34270812 24893579162 0
1787575186 34271115 24893591117 0
1787575187 34271433 24893603066 0
1787575188 34271808 24893615045 0
1787575189 34272283 24893626854 0
1787575190 34272634 24893638795 0
1787575191 34272985 24893650774 0
1787575192 34273374 24893662711 0
1787575193 34273852 24893674128 0
1787575194 34274615 24893685842 0
1787575195 34275113 24893697562 0
1787575196 34276115 24893707859 0
1787575197 34277180 24893717533 0
1787575199 34278236 24893726872 0
1787575200 34279334 24893737874 0
1787575201 34279490 24893749951 0
1787575202 34279616 24893762258 0
1787575203 34279735 24893774684 0
1787575204 34279865 24893786987 0
1787575205 34279998 24893799174 0
1787575206 34280113 24893811441 0
1787575207 34280237 24893823742 0
1787575208 34280339 24893836071 0
1787575209 34280461 24893848420 0
1787575210 34280560 24893860767 0
1787575211 34280673 24893873043 0
1787575212 34280774 24893885376 0
1787575213 34280904 24893897641 0
1787575214 34281018 24893909872 0
1787575215 34281116 24893922290 0
1787575216 34281224 24893934530 0
1787575217 34281323 24893946915 0
1787575218 34281496 24893959154 0
1787575219 34281696 24893971328 0
1787575220 34281886 24893983611 0
1787575221 34282033 24893995898 0
1787575222 34282131 24894008119 0
1787575223 34282312 24894020268 0
1787575224 34282651 24894032318 0
1787575225 34283135 24894044423 0
1787575226 34283413 24894056434 0
1787575227 34284297 24894066365 0
1787575228 34285300 24894076174 0
1787575229 34286300 24894085976 0
1787575230 34287198 24894095845 0
1787575232 34287352 24894108130 0
1787575233 34287476 24894120329 0
1787575234 34287596 24894132641 0
1787575235 34287732 24894144736 0
1787575236 34287848 24894156996 0
1787575237 34287973 24894169258 0
1787575238 34288101 24894181661 0
1787575239 34288211 24894194060 0
1787575240 34288280 24894206259 0
1787575241 34288333 24894218535 0
1787575242 34288382 24894230807 0
1787575243 34288429 24894243007 0
