1787575179 34264979 24893514458 0
1787575180 34266501 24893523961 0
1787575181 34267963 24893532427 0
1787575182 34269200 24893543474 0
1787575183 34270092 24893553923 0
1787575184 34270455 24893565794 0
1787575185 34270773 24893577717 0
1787575186 34271062 24893589613 0
1787575187 34271389 24893601620 0
1787575188 34271742 24893613662 0
1787575189 34272240 24893625581 0
1787575190 34272585 24893637542 0
1787575191 34272943 24893649528 0
1787575192 34273329 24893661408 0
1787575193 34273804 24893673041 0
1787575194 34274532 24893684761 0
1787575195 34275068 24893696529 0
1787575196 34276030 24893707000 0
1787575197 34277074 24893716662 0
1787575198 34278179 24893726312 0
1787575199 34279314 24893736847 0
1787575201 34279475 24893748929 0
1787575202 34279602 24893761211 0
1787575203 34279721 24893773503 0
1787575204 34279851 24893785775 0
1787575205 34279980 24893798044 0
1787575206 34280103 24893810363 0
1787575207 34280227 24893822778 0
1787575208 34280328 24893835047 0
1787575209 34280448 24893847331 0
1787575210 34280549 24893859774 0
1787575211 34280660 24893872121 0
1787575212 34280767 24893884509 0
1787575213 34280894 24893896828 0
1787575214 34281008 24893909084 0
1787575215 34281108 24893921450 0
1787575216 34281218 24893933663 0
1787575217 34281312 24893945927 0
1787575218 34281477 24893958231 0
1787575219 34281676 24893970558 0
1787575220 34281876 24893982711 0
1787575221 34282013 24893994997 0
1787575222 34282118 24894007316 0
1787575223 34282299 24894019675 0
1787575224 34282636 24894031761 0
1787575225 34283114 24894043722 0
1787575226 34283395 24894055697 0
1787575227 34284221 24894065412 0
1787575228 34285188 24894075365 0
1787575229 34286255 24894085609 0
1787575230 34287191 24894095672 0
1787575232 34287346 24894107900 0
1787575233 34287474 24894120225 0
1787575234 34287596 24894132596 0
1787575235 34287733 24894144767 0
1787575236 34287851 24894157120 0
1787575237 34287975 24894169340 0
1787575238 34288100 24894181636 0
1787575239 34288210 24894194001 0
1787575240 34288282 24894206377 0
1787575241 34288333 24894218543 0
1787575242 34288382 24894230785 0
1787575243 34288427 24894242985 0
