1787563987 32734024 24762187179 0
1787563989 32734144 24762199320 0
1787563990 32734297 24762211715 0
1787563991 32734453 24762224018 0
1787563992 32734574 24762236285 0
1787563993 32734705 24762248458 0
1787563994 32734828 24762260661 0
1787563995 32734953 24762272912 0
1787563996 32735081 24762285118 0
1787563997 32735215 24762297367 0
1787563998 32735350 24762309539 0
1787563999 32735495 24762321730 0
1787564000 32735621 24762333859 0
1787564001 32735757 24762346175 0
1787564002 32735903 24762358372 0
1787564003 32736028 24762370662 0
1787564004 32736175 24762383033 0
1787564005 32736295 24762395259 0
1787564006 32736431 24762407631 0
1787564007 32736542 24762419810 0
1787564008 32736660 24762431936 0
1787564009 32736776 24762444144 0
1787564010 32736883 24762456444 0
1787564011 32736987 24762468556 0
1787564012 32737106 24762480768 0
1787564013 32737233 24762492955 0
1787564014 32737355 24762505124 0
1787564015 32737463 24762517257 0
1787564016 32737593 24762529615 0
1787564017 32737698 24762541723 0
1787564018 32737817 24762554017 0
1787564019 32737940 24762566170 0
1787564020 32738080 24762578559 0
1787564021 32738205 24762590710 0
1787564022 32738331 24762602836 0
1787564023 32738463 24762615081 0
1787564024 32738578 24762627247 0
1787564025 32738698 24762639496 0
1787564026 32738821 24762651729 0
1787564027 32738949 24762663963 0
1787564029 32739084 24762676168 0
1787564030 32739218 24762688384 0
1787564031 32739358 24762700595 0
1787564032 32739482 24762712745 0
1787564033 32739605 24762724922 0
1787564034 32739747 24762737127 0
1787564035 32739889 24762749279 0
1787564036 32740026 24762761575 0
1787564037 32740168 24762773829 0
1787564038 32740308 24762785956 0
1787564039 32740464 24762798165 0
1787564040 32740574 24762810376 0
1787564041 32740700 24762822498 0
1787564042 32740840 24762834753 0
1787564043 32740963 24762846984 0
1787564044 32741094 24762859155 0
1787564045 32741216 24762871284 0
1787564046 32741352 24762883432 0
1787564047 32741504 24762895673 0
1787564048 32741633 24762907799 0
1787564049 32741740 24762920062 0
1787564050 32741772 24762932243 0
1787564051 32741786 24762944551 0
