1787563731 32705884 24759123661 0
1787563732 32706000 24759136409 0
1787563733 32706106 24759148638 0
1787563734 32706219 24759161782 0
1787563735 32706344 24759174876 0
1787563736 32706460 24759187930 0
1787563737 32706570 24759200130 0
1787563738 32706689 24759213161 0
1787563739 32706803 24759226096 0
1787563741 32706919 24759239362 0
1787563742 32707068 24759252484 0
1787563743 32707228 24759265483 0
1787563744 32707377 24759278790 0
1787563745 32707515 24759291971 0
1787563746 32707657 24759305044 0
1787563747 32707790 24759318045 0
1787563748 32707918 24759331011 0
1787563749 32708042 24759343245 0
1787563750 32708177 24759356326 0
1787563752 32708316 24759370537 0
1787563753 32708440 24759383507 0
1787563754 32708599 24759396708 0
1787563755 32708733 24759409775 0
1787563756 32708870 24759422853 0
1787563757 32708993 24759434986 0
1787563758 32709149 24759447806 0
1787563759 32709286 24759459974 0
1787563760 32709412 24759473045 0
1787563761 32709556 24759486076 0
1787563762 32709705 24759499103 0
1787563763 32709877 24759512325 0
1787563765 32710007 24759525428 0
1787563766 32710155 24759538509 0
1787563767 32710299 24759551534 0
1787563768 32710450 24759564498 0
1787563769 32710611 24759577782 0
1787563770 32710778 24759590838 0
1787563771 32710901 24759603808 0
1787563772 32711039 24759616912 0
1787563773 32711176 24759630118 0
1787563775 32711321 24759644249 0
1787563776 32711453 24759656430 0
1787563777 32711602 24759669404 0
1787563778 32711721 24759682387 0
1787563779 32711867 24759695428 0
1787563780 32712015 24759707510 0
1787563781 32712170 24759720497 0
1787563782 32712314 24759733605 0
1787563783 32712459 24759745697 0
1787563784 32712596 24759758639 0
1787563785 32712759 24759771642 0
1787563786 32712916 24759784704 0
1787563787 32713037 24759796791 0
1787563788 32713164 24759809834 0
1787563790 32713306 24759822929 0
1787563791 32713448 24759836021 0
1787563792 32713584 24759849161 0
1787563793 32713727 24759862257 0
1787563794 32713841 24759875342 0
1787563795 32713987 24759888353 0
