1787574852 34125777 24889815048 0
1787574853 34125901 24889827296 0
1787574854 34126017 24889839612 0
1787574855 34126126 24889851983 0
1787574856 34126242 24889864374 0
1787574857 34126349 24889876699 0
1787574858 34126529 24889888970 0
1787574859 34126733 24889901084 0
1787574860 34127004 24889913243 0
1787574861 34127190 24889925621 0
1787574862 34127328 24889937902 0
1787574863 34127484 24889950210 0
1787574864 34127752 24889962176 0
1787574865 34128175 24889974132 0
1787574866 34128506 24889986206 0
1787574867 34129085 24889997743 0
1787574868 34129866 24890007704 0
1787574869 34130813 24890018071 0
1787574871 34131710 24890027906 0
1787574872 34132176 24890040330 0
1787574873 34132366 24890052342 0
1787574874 34132528 24890064457 0
1787574875 34132634 24890076784 0
1787574876 34132838 24890089027 0
1787574877 34133078 24890101122 0
1787574878 34133283 24890113295 0
1787574879 34133394 24890125572 0
1787574880 34133499 24890137766 0
1787574881 34133603 24890149994 0
1787574882 34133706 24890162262 0
1787574883 34133976 24890174393 0
1787574884 34134247 24890186456 0
1787574885 34134527 24890198439 0
1787574886 34134831 24890210533 0
1787574887 34135126 24890222460 0
1787574888 34135458 24890234494 0
1787574889 34135928 24890246341 0
1787574890 34136275 24890258377 0
1787574891 34136449 24890270528 0
1787574892 34136655 24890282564 0
1787574893 34137014 24890294553 0
1787574894 34137498 24890306586 0
1787574895 34137816 24890318606 0
1787574896 34138714 24890328599 0
1787574897 34139905 24890338629 0
1787574898 34141053 24890348680 0
1787574899 34142007 24890359478 0
1787574900 34142340 24890371289 0
1787574901 34142637 24890383227 0
1787574902 34142948 24890395289 0
1787574903 34143233 24890407251 0
1787574904 34143538 24890419233 0
1787574906 34143842 24890431280 0
1787574907 34144138 24890443180 0
1787574908 34144463 24890455083 0
1787574909 34144753 24890467152 0
1787574910 34145031 24890479144 0
1787574911 34145300 24890491156 0
1787574912 34145431 24890503403 0
1787574913 34145526 24890515609 0
1787574914 34145612 24890527827 0
1787574915 34145674 24890540087 0
1787574916 34145781 24890552390 0
