1787565248 32832951 24777251410 0
1787565249 32833080 24777263579 0
1787565250 32833200 24777275877 0
1787565251 32833308 24777288069 0
1787565252 32833425 24777300329 0
1787565253 32833547 24777312600 0
1787565254 32833656 24777324786 0
1787565255 32833768 24777336972 0
1787565256 32833883 24777349135 0
1787565257 32834005 24777361431 0
1787565258 32834121 24777373586 0
1787565259 32834265 24777385929 0
1787565260 32834419 24777398242 0
1787565261 32834575 24777410373 0
1787565262 32834692 24777422512 0
1787565263 32834841 24777434729 0
1787565264 32835009 24777447036 0
1787565265 32835154 24777459254 0
1787565266 32835302 24777471538 0
1787565267 32835453 24777483799 0
1787565268 32835610 24777496040 0
1787565269 32835757 24777508277 0
1787565270 32835907 24777520437 0
1787565271 32836035 24777532630 0
1787565272 32836171 24777544996 0
1787565273 32836301 24777557205 0
1787565274 32836456 24777569412 0
1787565275 32836587 24777581563 0
1787565276 32836752 24777593743 0
1787565277 32836907 24777605975 0
1787565278 32837051 24777618133 0
1787565279 32837200 24777630262 0
1787565280 32837358 24777642568 0
1787565281 32837495 24777654782 0
1787565282 32837638 24777666922 0
1787565283 32837760 24777679062 0
1787565284 32837914 24777691223 0
1787565285 32838044 24777703529 0
1787565286 32838167 24777715705 0
1787565287 32838317 24777727909 0
1787565289 32838468 24777740143 0
1787565290 32838628 24777752273 0
1787565291 32838764 24777764473 0
1787565292 32838919 24777776702 0
1787565293 32839055 24777788861 0
1787565294 32839195 24777801031 0
1787565295 32839352 24777813265 0
1787565296 32839497 24777825492 0
1787565297 32839652 24777837742 0
1787565298 32839777 24777849932 0
1787565299 32839923 24777862253 0
1787565300 32840046 24777874415 0
1787565301 32840196 24777886578 0
1787565302 32840347 24777898780 0
1787565303 32840479 24777911149 0
1787565304 32840615 24777923358 0
1787565305 32840750 24777935546 0
1787565306 32840880 24777947651 0
1787565307 32841026 24777959763 0
1787565308 32841172 24777971891 0
1787565309 32841330 24777984088 0
1787565310 32841471 24777996375 0
1787565311 32841621 24778008557 0
1787565312 32841740 24778020731 0
