1787579267 35388616 24940824221 0
1787579268 35388881 24940836487 0
1787579269 35389152 24940849409 0
1787579270 35389514 24940861970 0
1787579271 35389812 24940873991 0
1787579272 35390050 24940886071 0
1787579273 35390299 24940898125 0
1787579274 35390649 24940910204 0
1787579275 35391119 24940922228 0
1787579276 35391634 24940934199 0
1787579277 35392035 24940946322 0
1787579278 35392852 24940956632 0
1787579279 35394065 24940968169 0
1787579280 35395144 24940977947 0
1787579281 35396042 24940987184 0
1787579282 35396421 24940999007 0
1787579284 35396673 24941011915 0
1787579285 35396866 24941024075 0
1787579286 35397039 24941036713 0
1787579287 35397183 24941049479 0
1787579288 35397302 24941061736 0
1787579289 35397428 24941073977 0
1787579290 35397540 24941086091 0
1787579291 35397657 24941098239 0
1787579292 35397810 24941110580 0
1787579293 35397940 24941123646 0
1787579294 35398079 24941135753 0
1787579295 35398210 24941147929 0
1787579296 35398343 24941160493 0
1787579297 35398502 24941172660 0
1787579298 35398706 24941185332 0
1787579299 35399087 24941198243 0
1787579300 35399327 24941211242 0
1787579301 35399604 24941223268 0
1787579302 35399894 24941236184 0
1787579303 35400315 24941248099 0
1787579305 35400878 24941260550 0
1787579306 35401296 24941272580 0
1787579307 35402101 24941285039 0
1787579308 35403049 24941295179 0
1787579309 35404026 24941304600 0
1787579310 35405125 24941314960 0
1787579311 35405452 24941327615 0
1787579312 35405702 24941340502 0
1787579313 35405929 24941352535 0
1787579314 35406120 24941365569 0
1787579315 35406305 24941377710 0
1787579316 35406484 24941390037 0
1787579317 35406699 24941402123 0
1787579318 35406922 24941415103 0
1787579319 35407073 24941427211 0
1787579320 35407217 24941439929 0
1787579321 35407376 24941452176 0
1787579322 35407500 24941464394 0
1787579324 35407648 24941476596 0
1787579325 35407805 24941489126 0
1787579326 35407936 24941501294 0
1787579327 35408075 24941513910 0
1787579328 35408224 24941526151 0
1787579329 35408381 24941538402 0
1787579330 35408668 24941550419 0
1787579331 35408804 24941562479 0
