1787579267 35388622 24940824449 0
1787579268 35388888 24940836650 0
1787579269 35389134 24940848923 0
1787579270 35389488 24940860996 0
1787579271 35389779 24940873065 0
1787579272 35390034 24940885118 0
1787579273 35390287 24940897438 0
1787579274 35390583 24940909287 0
1787579275 35391074 24940921416 0
1787579276 35391612 24940933464 0
1787579277 35391993 24940945481 0
1787579278 35392786 24940956160 0
1787579279 35393857 24940966289 0
1787579280 35394942 24940976149 0
1787579281 35395874 24940985508 0
1787579282 35396387 24940996933 0
1787579283 35396619 24941009010 0
1787579284 35396816 24941021038 0
1787579285 35396977 24941033246 0
1787579286 35397123 24941045160 0
1787579287 35397258 24941057333 0
1787579288 35397374 24941069507 0
1787579289 35397498 24941081755 0
1787579290 35397626 24941094094 0
1787579291 35397743 24941106329 0
1787579293 35397880 24941118787 0
1787579294 35398032 24941131012 0
1787579295 35398139 24941143234 0
1787579296 35398276 24941155427 0
1787579297 35398441 24941167714 0
1787579298 35398615 24941179926 0
1787579299 35398861 24941192006 0
1787579300 35399194 24941204178 0
1787579301 35399454 24941216347 0
1787579302 35399714 24941228480 0
1787579303 35399999 24941240398 0
1787579304 35400488 24941252299 0
1787579305 35401056 24941264290 0
1787579306 35401410 24941276292 0
1787579307 35402219 24941286753 0
1787579308 35403208 24941296738 0
1787579309 35404662 24941310309 0
1787579310 35405327 24941321806 0
1787579311 35405583 24941333860 0
1787579312 35405806 24941345994 0
1787579314 35406018 24941358079 0
1787579315 35406186 24941370275 0
1787579316 35406373 24941382395 0
1787579317 35406552 24941394663 0
1787579318 35406786 24941406794 0
1787579319 35406975 24941418874 0
1787579320 35407097 24941431028 0
1787579321 35407266 24941443200 0
1787579322 35407421 24941455448 0
1787579323 35407530 24941467657 0
1787579324 35407693 24941479742 0
1787579325 35407851 24941491963 0
1787579326 35407968 24941504122 0
1787579327 35408108 24941516320 0
1787579328 35408252 24941528517 0
1787579329 35408426 24941540777 0
1787579330 35408692 24941552825 0
1787579331 35408830 24941565029 0
