1787562277 32586112 24741750634 0
1787562278 32586212 24741762770 0
1787562279 32586315 24741775054 0
1787562280 32586392 24741787230 0
1787562281 32586500 24741799449 0
1787562282 32586610 24741811807 0
1787562283 32586712 24741824017 0
1787562284 32586807 24741836308 0
1787562285 32586905 24741848464 0
1787562286 32587006 24741860683 0
1787562287 32587103 24741872981 0
1787562288 32587209 24741885127 0
1787562289 32587308 24741897275 0
1787562290 32587404 24741909508 0
1787562291 32587510 24741921853 0
1787562292 32587614 24741934064 0
1787562293 32587712 24741946303 0
1787562294 32587831 24741958545 0
1787562295 32587940 24741970762 0
1787562296 32588042 24741982943 0
1787562297 32588142 24741995147 0
1787562298 32588266 24742007337 0
1787562299 32588355 24742019515 0
1787562300 32588467 24742031669 0
1787562301 32588575 24742043869 0
1787562302 32588682 24742056038 0
1787562303 32588785 24742068207 0
1787562304 32588897 24742080358 0
1787562305 32588998 24742092604 0
1787562306 32589098 24742104704 0
1787562307 32589213 24742116882 0
1787562308 32589320 24742129060 0
1787562309 32589430 24742141258 0
1787562311 32589526 24742153656 0
1787562312 32589627 24742165771 0
1787562313 32589742 24742178023 0
1787562314 32589852 24742190222 0
1787562315 32589944 24742202587 0
1787562316 32590051 24742214724 0
1787562317 32590157 24742226863 0
1787562318 32590275 24742239044 0
1787562319 32590388 24742251217 0
1787562320 32590482 24742263469 0
1787562321 32590600 24742275679 0
1787562322 32590704 24742287799 0
1787562323 32590802 24742299974 0
1787562324 32590911 24742312058 0
1787562325 32591026 24742324294 0
1787562326 32591130 24742336474 0
1787562327 32591237 24742348826 0
1787562328 32591337 24742361051 0
1787562329 32591434 24742373259 0
1787562330 32591519 24742385452 0
1787562331 32591617 24742397574 0
1787562332 32591718 24742409737 0
1787562333 32591822 24742421881 0
1787562334 32591938 24742434160 0
1787562335 32592045 24742446345 0
1787562336 32592153 24742458560 0
1787562337 32592264 24742470760 0
1787562338 32592363 24742482999 0
1787562339 32592474 24742495172 0
1787562340 32592570 24742507330 0
1787562341 32592586 24742519708 0
