1787579587 35475552 24944539642 0
1787579588 35475701 24944552012 0
1787579589 35475847 24944564284 0
1787579590 35475971 24944576461 0
1787579591 35476123 24944588643 0
1787579592 35476258 24944600826 0
1787579593 35476397 24944612963 0
1787579594 35476538 24944625320 0
1787579595 35476708 24944637538 0
1787579596 35476843 24944649660 0
1787579597 35477011 24944661870 0
1787579598 35477161 24944674058 0
1787579599 35477427 24944686174 0
1787579601 35477583 24944698441 0
1787579602 35477772 24944710672 0
1787579603 35477933 24944722899 0
1787579604 35478290 24944734858 0
1787579605 35478820 24944747056 0
1787579606 35479169 24944759051 0
1787579607 35479995 24944768592 0
1787579608 35480933 24944778318 0
1787579609 35482027 24944788626 0
1787579610 35482750 24944799399 0
1787579611 35482906 24944811508 0
1787579612 35483054 24944823764 0
1787579613 35483185 24944835983 0
1787579614 35483294 24944848151 0
1787579615 35483419 24944860310 0
1787579616 35483553 24944872591 0
1787579617 35483664 24944884815 0
1787579618 35483789 24944896919 0
1787579619 35483908 24944909216 0
1787579620 35484046 24944921607 0
1787579621 35484209 24944933861 0
1787579622 35484332 24944946385 0
1787579623 35484495 24944958584 0
1787579624 35484620 24944970736 0
1787579625 35484764 24944983126 0
1787579626 35484895 24944995299 0
1787579627 35485022 24945007522 0
1787579628 35485147 24945019769 0
1787579629 35485353 24945031930 0
1787579630 35485633 24945043921 0
1787579631 35485817 24945055949 0
1787579632 35485957 24945068078 0
1787579633 35486139 24945079745 0
1787579634 35486552 24945091723 0
1787579635 35486912 24945103733 0
1787579637 35487479 24945115259 0
1787579638 35488472 24945126012 0
1787579639 35489507 24945135914 0
1787579640 35490317 24945145874 0
1787579641 35490457 24945158001 0
1787579642 35490581 24945170117 0
1787579643 35490716 24945182221 0
1787579644 35490862 24945194359 0
1787579645 35490968 24945206523 0
1787579646 35491095 24945218618 0
1787579647 35491235 24945230949 0
1787579648 35491347 24945243080 0
1787579649 35491474 24945255326 0
1787579650 35491566 24945267443 0
1787579651 35491674 24945279677 0
