1787561415 32547604 24731433154 0
1787561416 32547728 24731445330 0
1787561417 32547817 24731457501 0
1787561418 32547914 24731469959 0
1787561419 32548006 24731482334 0
1787561420 32548095 24731494547 0
1787561421 32548188 24731506832 0
1787561422 32548278 24731519005 0
1787561423 32548362 24731531162 0
1787561424 32548448 24731543373 0
1787561425 32548550 24731555558 0
1787561426 32548659 24731567954 0
1787561427 32548753 24731580235 0
1787561428 32548832 24731592379 0
1787561429 32548932 24731604616 0
1787561430 32549029 24731616836 0
1787561431 32549121 24731629009 0
1787561432 32549223 24731641232 0
1787561433 32549313 24731653473 0
1787561434 32549421 24731665798 0
1787561435 32549521 24731678051 0
1787561436 32549613 24731690220 0
1787561437 32549694 24731702328 0
1787561438 32549769 24731714525 0
1787561439 32549834 24731726751 0
1787561440 32549901 24731738938 0
1787561441 32549963 24731751088 0
1787561442 32550029 24731763216 0
1787561443 32550102 24731775415 0
1787561444 32550172 24731787715 0
1787561445 32550222 24731799865 0
1787561446 32550287 24731812076 0
1787561447 32550369 24731824175 0
1787561448 32550444 24731836356 0
1787561449 32550514 24731848573 0
1787561450 32550575 24731860788 0
1787561451 32550622 24731872965 0
1787561452 32550682 24731885109 0
1787561454 32550761 24731898431 0
1787561455 32550832 24731910756 0
1787561456 32550910 24731923628 0
1787561457 32550979 24731935805 0
1787561458 32551073 24731947954 0
1787561459 32551189 24731960153 0
1787561460 32551290 24731972336 0
1787561461 32551399 24731984734 0
1787561462 32551500 24731996970 0
1787561463 32551593 24732009240 0
1787561464 32551684 24732021437 0
1787561465 32551772 24732033826 0
1787561466 32551858 24732046169 0
1787561467 32551947 24732058368 0
1787561468 32552031 24732070848 0
1787561469 32552108 24732083031 0
1787561470 32552171 24732095172 0
1787561471 32552233 24732107439 0
1787561472 32552290 24732119653 0
1787561473 32552336 24732132025 0
1787561474 32552350 24732144189 0
1787561475 32552366 24732156351 0
1787561476 32552381 24732168576 0
1787561477 32552395 24732180750 0
1787561478 32552412 24732192916 0
1787561479 32552426 24732205133 0
