1787576603 34624130 24910047292 0
1787576604 34624608 24910059382 0
1787576605 34625024 24910072488 0
1787576606 34625593 24910083898 0
1787576607 34626596 24910094204 0
1787576608 34627521 24910103506 0
1787576609 34628607 24910113718 0
1787576610 34628915 24910125395 0
1787576611 34629087 24910137496 0
1787576612 34629215 24910149612 0
1787576613 34629329 24910161743 0
1787576614 34629476 24910173946 0
1787576615 34629592 24910186217 0
1787576616 34629706 24910198599 0
1787576617 34629813 24910210734 0
1787576618 34629926 24910223066 0
1787576619 34630050 24910235347 0
1787576620 34630161 24910247562 0
1787576621 34630300 24910259767 0
1787576622 34630434 24910271992 0
1787576623 34630590 24910284518 0
1787576624 34630722 24910296793 0
1787576625 34630848 24910309126 0
1787576627 34630992 24910321353 0
1787576628 34631120 24910333641 0
1787576629 34631276 24910345746 0
1787576630 34631627 24910357705 0
1787576631 34631800 24910369858 0
1787576632 34631938 24910382014 0
1787576633 34632110 24910394278 0
1787576634 34632455 24910406254 0
1787576635 34632896 24910418267 0
1787576636 34633238 24910430373 0
1787576637 34633730 24910441969 0
1787576638 34634649 24910451700 0
1787576639 34635620 24910462541 0
1787576640 34636690 24910472487 0
1787576641 34637030 24910485012 0
1787576642 34637154 24910497132 0
1787576643 34637312 24910509402 0
1787576644 34637436 24910522124 0
1787576645 34637576 24910534633 0
1787576646 34637713 24910546870 0
1787576647 34637868 24910559364 0
1787576648 34638010 24910573522 0
1787576649 34638168 24910585887 0
1787576650 34638283 24910598080 0
1787576652 34638401 24910610285 0
1787576653 34638585 24910623264 0
1787576654 34638736 24910636709 0
1787576655 34638872 24910649114 0
1787576656 34639019 24910661382 0
1787576657 34639161 24910673586 0
1787576658 34639296 24910685857 0
1787576659 34639506 24910698337 0
1787576660 34639773 24910711446 0
1787576661 34639917 24910723742 0
1787576662 34640091 24910736218 0
1787576663 34640310 24910748656 0
1787576664 34640702 24910760850 0
1787576665 34641220 24910772880 0
1787576666 34641482 24910785321 0
1787576667 34642184 24910795474 0
