1787579267 35388612 24940824142 0
1787579268 35388876 24940836320 0
1787579269 35389126 24940848615 0
1787579270 35389469 24940860594 0
1787579271 35389770 24940872873 0
1787579272 35390032 24940885041 0
1787579273 35390284 24940897252 0
1787579274 35390582 24940909220 0
1787579275 35391066 24940921294 0
1787579276 35391600 24940933230 0
1787579277 35391981 24940945209 0
1787579278 35392783 24940956145 0
1787579279 35393862 24940966329 0
1787579280 35394953 24940976232 0
1787579281 35395874 24940985507 0
1787579282 35396387 24940996934 0
1787579283 35396619 24941009014 0
1787579284 35396821 24941021141 0
1787579285 35396981 24941033317 0
1787579286 35397125 24941045242 0
1787579287 35397262 24941057534 0
1787579288 35397383 24941069990 0
1787579289 35397505 24941082332 0
1787579291 35397630 24941094671 0
1787579292 35397754 24941107026 0
1787579293 35397888 24941119231 0
1787579294 35398038 24941131512 0
1787579295 35398149 24941143891 0
1787579296 35398292 24941156112 0
1787579297 35398455 24941168477 0
1787579298 35398630 24941180928 0
1787579299 35398906 24941192921 0
1787579300 35399209 24941204925 0
1787579301 35399469 24941216964 0
1787579302 35399727 24941229077 0
1787579303 35400029 24941241080 0
1787579304 35400536 24941253073 0
1787579305 35401077 24941265016 0
1787579306 35401442 24941277063 0
1787579307 35402284 24941287577 0
1787579308 35403301 24941298035 0
1787579309 35404489 24941308432 0
1787579310 35405282 24941319201 0
1787579311 35405531 24941331226 0
1787579312 35405758 24941343283 0
1787579313 35405973 24941355346 0
1787579314 35406148 24941367561 0
1787579315 35406336 24941379705 0
1787579316 35406508 24941391858 0
1787579317 35406739 24941404080 0
1787579318 35406936 24941416089 0
1787579319 35407080 24941428210 0
1787579320 35407226 24941440435 0
1787579321 35407385 24941452643 0
1787579322 35407506 24941464808 0
1787579324 35407652 24941476991 0
1787579325 35407808 24941489253 0
1787579326 35407938 24941501396 0
1787579327 35408071 24941513557 0
1787579328 35408219 24941525873 0
1787579329 35408380 24941538307 0
1787579330 35408666 24941550290 0
1787579331 35408802 24941562413 0
