1787562357 32592752 24742713171 0
1787562358 32592848 24742725383 0
1787562359 32592946 24742737571 0
1787562360 32593044 24742749693 0
1787562361 32593138 24742761803 0
1787562362 32593255 24742773989 0
1787562363 32593373 24742786169 0
1787562364 32593475 24742798399 0
1787562366 32593569 24742810499 0
1787562367 32593679 24742822732 0
1787562368 32593806 24742835045 0
1787562369 32593911 24742847292 0
1787562370 32594025 24742859596 0
1787562371 32594143 24742871901 0
1787562372 32594244 24742884102 0
1787562373 32594344 24742896220 0
1787562374 32594461 24742908487 0
1787562375 32594553 24742920705 0
1787562376 32594647 24742932921 0
1787562377 32594741 24742945133 0
1787562378 32594849 24742957299 0
1787562379 32594952 24742969551 0
1787562380 32595061 24742981729 0
1787562381 32595165 24742993863 0
1787562382 32595273 24743006086 0
1787562383 32595383 24743018209 0
1787562384 32595484 24743030414 0
1787562385 32595591 24743042538 0
1787562386 32595711 24743054729 0
1787562387 32595819 24743066841 0
1787562388 32595930 24743079032 0
1787562389 32596027 24743091212 0
1787562390 32596133 24743103449 0
1787562391 32596254 24743115659 0
1787562392 32596356 24743127964 0
1787562393 32596446 24743140240 0
1787562394 32596551 24743152391 0
1787562395 32596661 24743164754 0
1787562396 32596769 24743176946 0
1787562397 32596884 24743189171 0
1787562398 32596984 24743201331 0
1787562399 32597100 24743213453 0
1787562400 32597195 24743225707 0
1787562401 32597290 24743237924 0
1787562402 32597391 24743250076 0
1787562403 32597506 24743262301 0
1787562404 32597608 24743274617 0
1787562405 32597704 24743286821 0
1787562406 32597804 24743298946 0
1787562408 32597913 24743311231 0
1787562409 32598009 24743323410 0
1787562410 32598110 24743335593 0
1787562411 32598208 24743347723 0
1787562412 32598305 24743359924 0
1787562413 32598411 24743372094 0
1787562414 32598528 24743384241 0
1787562415 32598624 24743396417 0
1787562416 32598726 24743408646 0
1787562417 32598834 24743420981 0
1787562418 32598925 24743433190 0
1787562419 32599040 24743445378 0
1787562420 32599147 24743457505 0
1787562421 32599238 24743469638 0
