1787565415 32851343 24779255483 0
1787565417 32851470 24779268386 0
1787565418 32851588 24779280547 0
1787565419 32851718 24779293441 0
1787565420 32851848 24779306683 0
1787565421 32851979 24779319815 0
1787565422 32852113 24779332945 0
1787565423 32852257 24779345211 0
1787565424 32852391 24779358170 0
1787565425 32852522 24779370362 0
1787565426 32852666 24779383241 0
1787565427 32852794 24779396387 0
1787565428 32852934 24779409584 0
1787565430 32853079 24779423880 0
1787565431 32853201 24779437013 0
1787565432 32853338 24779450142 0
1787565433 32853467 24779463197 0
1787565434 32853591 24779475398 0
1787565435 32853718 24779488320 0
1787565436 32853838 24779500475 0
1787565437 32853994 24779513532 0
1787565438 32854126 24779526720 0
1787565439 32854285 24779539605 0
1787565440 32854512 24779552720 0
1787565441 32854692 24779565900 0
1787565443 32854855 24779579147 0
1787565444 32855017 24779592295 0
1787565445 32855184 24779605355 0
1787565446 32855339 24779618436 0
1787565447 32855481 24779631570 0
1787565448 32855647 24779644620 0
1787565449 32855810 24779657645 0
1787565450 32855959 24779669766 0
1787565451 32856120 24779682790 0
1787565452 32856286 24779696007 0
1787565454 32856459 24779710107 0
1787565455 32856621 24779723149 0
1787565456 32856763 24779736359 0
1787565457 32856912 24779748431 0
1787565458 32857046 24779761266 0
1787565459 32857212 24779774548 0
1787565460 32857327 24779786714 0
1787565461 32857477 24779798985 0
1787565462 32857597 24779811378 0
1787565463 32857754 24779824447 0
1787565464 32857919 24779836565 0
1787565465 32858084 24779849623 0
1787565466 32858262 24779863909 0
1787565468 32858407 24779877008 0
1787565469 32858582 24779890264 0
1787565470 32858733 24779903254 0
1787565471 32858900 24779916255 0
1787565472 32859068 24779929301 0
1787565473 32859225 24779941467 0
1787565474 32859393 24779954573 0
1787565475 32859569 24779967653 0
1787565476 32859732 24779980613 0
1787565478 32859920 24779995062 0
1787565479 32860100 24780008273 0
