1787579587 35475552 24944539649 0
1787579588 35475697 24944551812 0
1787579589 35475838 24944564011 0
1787579590 35475978 24944577114 0
1787579591 35476141 24944590211 0
1787579593 35476283 24944603333 0
1787579594 35476437 24944616225 0
1787579595 35476598 24944629410 0
1787579596 35476773 24944642554 0
1787579597 35476917 24944654683 0
1787579598 35477076 24944666878 0
1787579599 35477280 24944679369 0
1787579600 35477503 24944691577 0
1787579601 35477687 24944704300 0
1787579602 35477844 24944717507 0
1787579603 35478093 24944730323 0
1787579604 35478625 24944742475 0
1787579605 35479034 24944755308 0
1787579606 35479790 24944765971 0
1787579607 35480614 24944775528 0
1787579608 35481640 24944785389 0
1787579610 35482691 24944795685 0
1787579611 35482852 24944807781 0
1787579612 35483015 24944819931 0
1787579613 35483157 24944832738 0
1787579614 35483268 24944844963 0
1787579615 35483380 24944857216 0
1787579616 35483528 24944869463 0
1787579617 35483636 24944881796 0
1787579618 35483765 24944893900 0
1787579619 35483881 24944906062 0
1787579620 35484005 24944918660 0
1787579621 35484178 24944930750 0
1787579622 35484284 24944942997 0
1787579623 35484446 24944955781 0
1787579624 35484591 24944967886 0
1787579625 35484718 24944980093 0
1787579626 35484872 24944992283 0
1787579627 35484974 24945004447 0
1787579628 35485095 24945016762 0
1787579629 35485291 24945028904 0
1787579630 35485605 24945040845 0
1787579631 35485763 24945052895 0
1787579632 35485931 24945065115 0
1787579633 35486095 24945077212 0
1787579634 35486457 24945089589 0
1787579635 35486883 24945101535 0
1787579636 35487298 24945113217 0
1787579637 35488199 24945122974 0
1787579638 35489243 24945133422 0
1787579639 35490222 24945143235 0
1787579640 35490434 24945155550 0
1787579641 35490561 24945167702 0
1787579642 35490695 24945179779 0
1787579644 35490839 24945191949 0
1787579645 35490949 24945204162 0
1787579646 35491076 24945216396 0
1787579647 35491216 24945228543 0
1787579648 35491327 24945240707 0
1787579649 35491447 24945252931 0
1787579650 35491543 24945265081 0
1787579651 35491660 24945277246 0
