1787576435 34585179 24908088505 0
1787576436 34585329 24908100703 0
1787576437 34585485 24908113028 0
1787576438 34585619 24908125270 0
1787576439 34585726 24908137436 0
1787576440 34585884 24908149723 0
1787576441 34586062 24908161867 0
1787576442 34586192 24908174064 0
1787576443 34586306 24908186311 0
1787576444 34586452 24908198679 0
1787576445 34586582 24908210972 0
1787576446 34586726 24908223362 0
1787576447 34586854 24908235684 0
1787576448 34587044 24908247845 0
1787576449 34587261 24908260162 0
1787576450 34587462 24908272292 0
1787576451 34587606 24908284477 0
1787576453 34587818 24908296194 0
1787576454 34588179 24908308228 0
1787576455 34588707 24908320530 0
1787576456 34588987 24908332513 0
1787576457 34589808 24908342584 0
1787576458 34590781 24908352549 0
1787576459 34591839 24908362405 0
1787576460 34592591 24908373373 0
1787576461 34592741 24908385445 0
1787576462 34592874 24908397668 0
1787576463 34593007 24908409876 0
1787576464 34593169 24908422051 0
1787576465 34593328 24908434346 0
1787576466 34593519 24908446593 0
1787576467 34593632 24908458926 0
1787576468 34593782 24908471192 0
1787576469 34593902 24908483368 0
1787576470 34594058 24908495632 0
1787576471 34594173 24908507886 0
1787576472 34594297 24908520145 0
1787576473 34594423 24908532452 0
1787576474 34594563 24908544603 0
1787576475 34594720 24908556857 0
1787576476 34594876 24908569192 0
1787576477 34595026 24908581559 0
1787576478 34595205 24908593758 0
1787576479 34595429 24908605874 0
1787576480 34595617 24908617966 0
1787576481 34595787 24908630129 0
1787576482 34595935 24908642269 0
1787576483 34596131 24908654310 0
1787576484 34596528 24908666459 0
1787576485 34596962 24908678500 0
1787576486 34597239 24908690561 0
1787576487 34598235 24908700744 0
1787576488 34599296 24908710940 0
1787576489 34600372 24908721209 0
1787576491 34600612 24908733271 0
1787576492 34600748 24908745622 0
1787576493 34600885 24908757784 0
1787576494 34601008 24908770092 0
1787576495 34601126 24908782329 0
1787576496 34601252 24908794712 0
1787576497 34601364 24908807008 0
1787576498 34601506 24908819134 0
1787576499 34601626 24908831436 0
