1787562357 32592754 24742713200 0
1787562358 32592851 24742725697 0
1787562360 32592958 24742738892 0
1787562361 32593060 24742752011 0
1787562362 32593178 24742765242 0
1787562363 32593301 24742778326 0
1787562364 32593422 24742791396 0
1787562365 32593529 24742804637 0
1787562366 32593647 24742818786 0
1787562367 32593761 24742830895 0
1787562368 32593885 24742844075 0
1787562369 32593995 24742856918 0
1787562370 32594107 24742869128 0
1787562372 32594226 24742881950 0
1787562373 32594337 24742895137 0
1787562374 32594454 24742908204 0
1787562375 32594559 24742921534 0
1787562376 32594662 24742934537 0
1787562377 32594764 24742947601 0
1787562378 32594878 24742960710 0
1787562379 32594991 24742975068 0
1787562380 32595105 24742987154 0
1787562381 32595228 24743000021 0
1787562383 32595332 24743013157 0
1787562384 32595448 24743026099 0
1787562385 32595563 24743039379 0
1787562386 32595698 24743052631 0
1787562387 32595804 24743065467 0
1787562388 32595924 24743078619 0
1787562389 32596033 24743091773 0
1787562390 32596173 24743107181 0
1787562392 32596288 24743119342 0
1787562393 32596396 24743133510 0
1787562394 32596505 24743146686 0
1787562395 32596636 24743160877 0
1787562396 32596742 24743174059 0
1787562397 32596866 24743187100 0
1787562398 32596976 24743200271 0
1787562399 32597094 24743213229 0
1787562400 32597201 24743226467 0
1787562402 32597315 24743240697 0
1787562403 32597436 24743253949 0
1787562404 32597556 24743268078 0
1787562405 32597661 24743281264 0
1787562406 32597769 24743294501 0
1787562407 32597879 24743307762 0
1787562409 32597997 24743321741 0
1787562410 32598125 24743337220 0
1787562411 32598237 24743350418 0
1787562412 32598348 24743363665 0
1787562413 32598469 24743377837 0
1787562414 32598585 24743391033 0
1787562415 32598700 24743405357 0
1787562417 32598805 24743418439 0
1787562418 32598904 24743430565 0
1787562419 32599013 24743443489 0
1787562420 32599138 24743456515 0
1787562421 32599239 24743469695 0
