1787576603 34624126 24910047237 0
1787576604 34624605 24910059285 0
1787576605 34625000 24910071547 0
1787576606 34625522 24910083048 0
1787576607 34626474 24910093070 0
1787576608 34627520 24910103492 0
1787576609 34628601 24910113681 0
1787576610 34628916 24910125541 0
1787576611 34629090 24910137610 0
1787576612 34629217 24910149760 0
1787576613 34629334 24910161955 0
1787576614 34629479 24910174125 0
1787576615 34629593 24910186266 0
1787576616 34629705 24910198519 0
1787576617 34629813 24910210697 0
1787576618 34629923 24910222939 0
1787576619 34630049 24910235240 0
1787576620 34630160 24910247473 0
1787576621 34630300 24910259848 0
1787576622 34630436 24910272117 0
1787576623 34630590 24910284482 0
1787576624 34630722 24910296778 0
1787576625 34630845 24910308984 0
1787576627 34630989 24910321131 0
1787576628 34631117 24910333455 0
1787576629 34631272 24910345618 0
1787576630 34631624 24910357535 0
1787576631 34631798 24910369757 0
1787576632 34631937 24910381929 0
1787576633 34632107 24910394185 0
1787576634 34632454 24910406211 0
1787576635 34632896 24910418266 0
1787576636 34633241 24910430439 0
1787576637 34633747 24910442105 0
1787576638 34634689 24910451983 0
1787576639 34635660 24910462780 0
1787576640 34636753 24910473099 0
1787576641 34637032 24910485229 0
1787576642 34637163 24910497547 0
1787576643 34637319 24910509870 0
1787576644 34637436 24910522114 0
1787576645 34637572 24910534417 0
1787576646 34637714 24910546888 0
1787576647 34637859 24910559177 0
1787576648 34637989 24910571610 0
1787576649 34638141 24910583978 0
1787576650 34638270 24910596412 0
1787576651 34638387 24910608677 0
1787576652 34638556 24910621024 0
1787576653 34638708 24910633224 0
1787576654 34638843 24910645587 0
1787576656 34638988 24910657809 0
1787576657 34639126 24910670182 0
1787576658 34639243 24910682442 0
1787576659 34639445 24910694642 0
1787576660 34639713 24910707026 0
1787576661 34639852 24910719181 0
1787576662 34640022 24910731404 0
1787576663 34640188 24910743665 0
1787576664 34640511 24910755736 0
1787576665 34641002 24910767774 0
1787576666 34641348 24910779850 0
1787576667 34641855 24910791393 0
