1787561415 32547604 24731433159 0
1787561416 32547728 24731445285 0
1787561417 32547817 24731457493 0
1787561418 32547908 24731469674 0
1787561419 32548006 24731482305 0
1787561420 32548093 24731494487 0
1787561421 32548185 24731506777 0
1787561422 32548277 24731518972 0
1787561423 32548365 24731531428 0
1787561424 32548457 24731543777 0
1787561425 32548561 24731555970 0
1787561426 32548661 24731568240 0
1787561427 32548755 24731580391 0
1787561428 32548835 24731592586 0
1787561429 32548940 24731604799 0
1787561430 32549030 24731616983 0
1787561431 32549123 24731629209 0
1787561432 32549224 24731641444 0
1787561433 32549316 24731653600 0
1787561434 32549418 24731665753 0
1787561435 32549522 24731678176 0
1787561436 32549615 24731690329 0
1787561437 32549696 24731702472 0
1787561438 32549774 24731714660 0
1787561439 32549836 24731726960 0
1787561440 32549902 24731739099 0
1787561441 32549965 24731751289 0
1787561442 32550031 24731763446 0
1787561443 32550108 24731775632 0
1787561444 32550173 24731787849 0
1787561445 32550224 24731800050 0
1787561446 32550288 24731812181 0
1787561447 32550376 24731824482 0
1787561448 32550446 24731836628 0
1787561449 32550516 24731848742 0
1787561450 32550576 24731860892 0
1787561451 32550623 24731873005 0
1787561452 32550688 24731885197 0
1787561454 32550764 24731898565 0
1787561455 32550832 24731910764 0
1787561456 32550909 24731923572 0
1787561457 32550979 24731935812 0
1787561458 32551074 24731947991 0
1787561459 32551190 24731960264 0
1787561460 32551300 24731972667 0
1787561461 32551401 24731984925 0
1787561462 32551503 24731997183 0
1787561463 32551595 24732009417 0
1787561464 32551692 24732021801 0
1787561465 32551775 24732034226 0
1787561466 32551861 24732046499 0
1787561467 32551955 24732059024 0
1787561468 32552033 24732071291 0
1787561469 32552111 24732083472 0
1787561470 32552176 24732095686 0
1787561471 32552238 24732107866 0
1787561472 32552292 24732120093 0
1787561473 32552338 24732132284 0
1787561474 32552353 24732144542 0
1787561475 32552369 24732156751 0
1787561476 32552384 24732168937 0
1787561477 32552397 24732181124 0
1787561478 32552415 24732193335 0
1787561479 32552428 24732205490 0
