1787577017 34732051 24914860197 0
1787577018 34732233 24914872707 0
1787577019 34732461 24914884772 0
1787577020 34732735 24914896884 0
1787577021 34732935 24914908933 0
1787577022 34733054 24914921058 0
1787577023 34733346 24914932797 0
1787577024 34733905 24914944800 0
1787577025 34734409 24914956769 0
1787577026 34735016 24914968341 0
1787577027 34735922 24914977455 0
1787577028 34737078 24914987420 0
1787577029 34738131 24914997494 0
1787577030 34738435 24915009196 0
1787577031 34738622 24915021313 0
1787577032 34738753 24915033297 0
1787577033 34738889 24915045460 0
1787577034 34739023 24915057724 0
1787577035 34739144 24915070007 0
1787577036 34739284 24915082331 0
1787577037 34739471 24915094588 0
1787577038 34739615 24915106793 0
1787577039 34739747 24915118996 0
1787577040 34739882 24915131232 0
1787577041 34740031 24915143451 0
1787577042 34740162 24915155694 0
1787577043 34740306 24915167903 0
1787577044 34740478 24915179970 0
1787577046 34740622 24915192108 0
1787577047 34740761 24915204226 0
1787577048 34740896 24915216441 0
1787577049 34741131 24915228563 0
1787577050 34741341 24915240820 0
1787577051 34741544 24915253029 0
1787577052 34741720 24915265441 0
1787577053 34742001 24915277185 0
1787577054 34742465 24915289193 0
1787577055 34742808 24915301260 0
1787577056 34743154 24915313180 0
1787577057 34744134 24915323126 0
1787577058 34745165 24915333365 0
1787577059 34746248 24915343528 0
1787577060 34746794 24915354765 0
1787577061 34746928 24915366896 0
1787577062 34747030 24915379152 0
1787577063 34747139 24915391579 0
1787577064 34747311 24915403897 0
1787577065 34747424 24915416179 0
1787577066 34747567 24915428457 0
1787577067 34747689 24915440921 0
1787577068 34747817 24915453228 0
1787577069 34747959 24915465525 0
1787577070 34748098 24915477715 0
1787577071 34748219 24915489992 0
1787577072 34748343 24915502267 0
1787577073 34748493 24915514430 0
1787577074 34748639 24915526710 0
1787577075 34748784 24915538954 0
1787577076 34748941 24915551183 0
1787577077 34749073 24915563489 0
1787577079 34749284 24915575723 0
1787577080 34749614 24915587603 0
1787577081 34749802 24915599877 0
