1787576435 34585179 24908088504 0
1787576436 34585329 24908100678 0
1787576437 34585483 24908112925 0
1787576438 34585619 24908125209 0
1787576439 34585726 24908137472 0
1787576440 34585885 24908149768 0
1787576441 34586062 24908161933 0
1787576442 34586194 24908174129 0
1787576443 34586308 24908186362 0
1787576444 34586453 24908198726 0
1787576445 34586582 24908210946 0
1787576446 34586722 24908223186 0
1787576447 34586853 24908235533 0
1787576448 34587043 24908247824 0
1787576449 34587261 24908260158 0
1787576450 34587463 24908272349 0
1787576451 34587606 24908284500 0
1787576452 34587815 24908296111 0
1787576454 34588179 24908308227 0
1787576455 34588700 24908320306 0
1787576456 34588981 24908332362 0
1787576457 34589791 24908342400 0
1787576458 34590725 24908352042 0
1787576459 34591782 24908361984 0
1787576460 34592590 24908373294 0
1787576461 34592740 24908385347 0
1787576462 34592872 24908397612 0
1787576463 34593004 24908409775 0
1787576464 34593168 24908422010 0
1787576465 34593325 24908434180 0
1787576466 34593513 24908446383 0
1787576467 34593630 24908458669 0
1787576468 34593780 24908470791 0
1787576469 34593898 24908483025 0
1787576470 34594053 24908495355 0
1787576471 34594170 24908507689 0
1787576472 34594294 24908519988 0
1787576473 34594418 24908532198 0
1787576474 34594561 24908544580 0
1787576475 34594719 24908556820 0
1787576476 34594871 24908569061 0
1787576477 34595022 24908581334 0
1787576478 34595203 24908593598 0
1787576479 34595428 24908605812 0
1787576480 34595616 24908617936 0
1787576481 34595787 24908630117 0
1787576482 34595936 24908642301 0
1787576483 34596131 24908654320 0
1787576484 34596518 24908666338 0
1787576485 34596955 24908678282 0
1787576486 34597219 24908690295 0
1787576487 34598201 24908700348 0
1787576488 34599294 24908710908 0
1787576489 34600384 24908721326 0
1787576491 34600612 24908733411 0
1787576492 34600751 24908745665 0
1787576493 34600885 24908757741 0
1787576494 34601008 24908770101 0
1787576495 34601124 24908782278 0
1787576496 34601248 24908794571 0
1787576497 34601363 24908806910 0
1787576498 34601504 24908819089 0
1787576499 34601624 24908831322 0
