1787579587 35475552 24944539639 0
1787579588 35475696 24944551742 0
1787579589 35475835 24944563861 0
1787579590 35475968 24944576070 0
1787579591 35476118 24944588177 0
1787579592 35476253 24944600393 0
1787579593 35476392 24944612518 0
1787579594 35476533 24944624604 0
1787579595 35476696 24944636755 0
1787579596 35476838 24944648960 0
1787579597 35477001 24944661324 0
1787579598 35477151 24944673569 0
1787579599 35477424 24944685701 0
1787579600 35477571 24944697851 0
1787579601 35477760 24944710080 0
1787579603 35477917 24944722275 0
1787579604 35478260 24944734151 0
1787579605 35478792 24944746275 0
1787579606 35479126 24944758295 0
1787579607 35479903 24944767803 0
1787579608 35480844 24944777405 0
1787579609 35481856 24944787498 0
1787579610 35482725 24944798110 0
1787579611 35482881 24944810137 0
1787579612 35483034 24944822314 0
1787579613 35483174 24944834471 0
1787579614 35483286 24944846704 0
1787579615 35483398 24944858878 0
1787579616 35483538 24944871062 0
1787579617 35483646 24944883278 0
1787579618 35483780 24944895395 0
1787579619 35483893 24944907575 0
1787579620 35484021 24944919988 0
1787579621 35484195 24944932170 0
1787579622 35484305 24944944345 0
1787579623 35484459 24944956484 0
1787579624 35484601 24944968772 0
1787579625 35484732 24944980924 0
1787579626 35484879 24944993221 0
1787579627 35484990 24945005378 0
1787579628 35485107 24945017525 0
1787579629 35485308 24945029715 0
1787579630 35485614 24945041684 0
1787579631 35485782 24945053775 0
1787579632 35485940 24945065940 0
1787579633 35486096 24945077574 0
1787579634 35486453 24945089508 0
1787579635 35486882 24945101482 0
1787579636 35487301 24945113243 0
1787579637 35488199 24945122979 0
1787579638 35489242 24945133407 0
1787579639 35490207 24945143014 0
1787579640 35490422 24945154986 0
1787579641 35490549 24945167111 0
1787579642 35490687 24945179210 0
1787579643 35490832 24945191391 0
1787579644 35490938 24945203557 0
1787579645 35491065 24945215714 0
1787579647 35491205 24945227928 0
1787579648 35491321 24945240161 0
1787579649 35491434 24945252261 0
1787579650 35491540 24945264550 0
1787579651 35491652 24945276726 0
