1787565167 32824593 24776288028 0
1787565168 32824713 24776300207 0
1787565169 32824854 24776313238 0
1787565170 32824978 24776326219 0
1787565171 32825133 24776339379 0
1787565172 32825283 24776351590 0
1787565173 32825394 24776363784 0
1787565174 32825524 24776376253 0
1787565175 32825629 24776388486 0
1787565176 32825746 24776401227 0
1787565177 32825872 24776414353 0
1787565179 32826000 24776426596 0
1787565180 32826167 24776439669 0
1787565181 32826317 24776452569 0
1787565182 32826447 24776465539 0
1787565183 32826593 24776477709 0
1787565184 32826753 24776491811 0
1787565185 32826896 24776504985 0
1787565186 32827060 24776518163 0
1787565187 32827194 24776531234 0
1787565188 32827336 24776544333 0
1787565189 32827480 24776557338 0
1787565190 32827637 24776569544 0
1787565192 32827775 24776582660 0
1787565193 32827899 24776595832 0
1787565194 32828034 24776608000 0
1787565195 32828177 24776620741 0
1787565196 32828315 24776633734 0
1787565197 32828469 24776648058 0
1787565198 32828611 24776661220 0
1787565199 32828759 24776674263 0
1787565200 32828899 24776687414 0
1787565201 32829033 24776699700 0
1787565202 32829174 24776712545 0
1787565203 32829281 24776724673 0
1787565204 32829423 24776737282 0
1787565206 32829555 24776749473 0
1787565207 32829680 24776762305 0
1787565208 32829808 24776774422 0
1787565209 32829923 24776786632 0
1787565210 32830062 24776798902 0
1787565211 32830187 24776811222 0
1787565212 32830338 24776823449 0
1787565213 32830486 24776835707 0
1787565214 32830629 24776848180 0
1787565215 32830750 24776860360 0
1787565216 32830906 24776873272 0
1787565217 32831055 24776886373 0
1787565218 32831181 24776899426 0
1787565219 32831312 24776911591 0
1787565220 32831454 24776923833 0
1787565221 32831614 24776936380 0
1787565222 32831751 24776949534 0
1787565223 32831887 24776962597 0
1787565225 32832033 24776975719 0
1787565226 32832176 24776987837 0
1787565227 32832336 24777000728 0
1787565228 32832472 24777012925 0
1787565229 32832618 24777025062 0
1787565230 32832735 24777037959 0
1787565231 32832769 24777050142 0
