1787580851 35830854 24959202920 0
1787580852 35831034 24959215143 0
1787580853 35831177 24959227444 0
1787580854 35831312 24959239598 0
1787580855 35831453 24959251810 0
1787580856 35831590 24959264032 0
1787580857 35831718 24959276329 0
1787580858 35831826 24959288469 0
1787580859 35832133 24959300700 0
1787580860 35832540 24959312854 0
1787580861 35832815 24959324923 0
1787580862 35833140 24959336527 0
1787580863 35833731 24959348508 0
1787580864 35834427 24959360636 0
1787580866 35834892 24959372434 0
1787580867 35835931 24959382411 0
1787580868 35836978 24959392040 0
1787580869 35838184 24959402104 0
1787580870 35838697 24959413711 0
1787580871 35838877 24959425869 0
1787580872 35839022 24959438046 0
1787580873 35839119 24959449827 0
1787580874 35839268 24959462071 0
1787580875 35839371 24959474311 0
1787580876 35839535 24959486521 0
1787580877 35839714 24959498712 0
1787580878 35839856 24959510940 0
1787580879 35839975 24959523267 0
1787580880 35840090 24959535487 0
1787580881 35840214 24959547736 0
1787580882 35840347 24959559937 0
1787580883 35840444 24959572113 0
1787580884 35840578 24959584328 0
1787580885 35840718 24959596525 0
1787580886 35840834 24959608641 0
1787580887 35840963 24959620899 0
1787580888 35841102 24959633182 0
1787580889 35841283 24959645549 0
1787580890 35841552 24959657639 0
1787580891 35841683 24959669764 0
1787580892 35841905 24959682104 0
1787580893 35842057 24959694305 0
1787580894 35842337 24959706395 0
1787580895 35842795 24959718488 0
1787580896 35843109 24959730509 0
1787580897 35843969 24959740836 0
1787580898 35844883 24959750456 0
1787580899 35845885 24959759539 0
1787580900 35846974 24959769499 0
1787580901 35847185 24959781758 0
1787580902 35847363 24959793849 0
1787580903 35847560 24959805952 0
1787580904 35847778 24959817915 0
1787580906 35847944 24959830220 0
1787580907 35848109 24959842431 0
1787580908 35848272 24959854612 0
1787580909 35848380 24959867064 0
1787580910 35848493 24959879380 0
1787580911 35848595 24959891750 0
1787580912 35848736 24959904185 0
1787580913 35848896 24959916402 0
1787580914 35849021 24959928811 0
1787580915 35849170 24959941145 0
