1787580851 35830865 24959203415 0
1787580852 35831059 24959216674 0
1787580853 35831195 24959229721 0
1787580854 35831337 24959242055 0
1787580855 35831482 24959254246 0
1787580857 35831632 24959266617 0
1787580858 35831738 24959278875 0
1787580859 35831867 24959290971 0
1787580860 35832230 24959303534 0
1787580861 35832686 24959316543 0
1787580862 35832869 24959328615 0
1787580863 35833312 24959340699 0
1787580864 35833990 24959352738 0
1787580865 35834545 24959364776 0
1787580866 35835338 24959375906 0
1787580867 35836348 24959386426 0
1787580868 35837491 24959396357 0
1787580869 35838597 24959406634 0
1787580870 35838772 24959418812 0
1787580871 35838940 24959431124 0
1787580872 35839065 24959443793 0
1787580873 35839191 24959455976 0
1787580874 35839322 24959468933 0
1787580875 35839456 24959481395 0
1787580877 35839660 24959494976 0
1787580878 35839832 24959508194 0
1787580879 35839938 24959520405 0
1787580880 35840070 24959533424 0
1787580881 35840189 24959546249 0
1787580882 35840329 24959558524 0
1787580883 35840428 24959570728 0
1787580884 35840563 24959583277 0
1787580885 35840716 24959596515 0
1787580886 35840835 24959608694 0
1787580887 35840973 24959621641 0
1787580888 35841119 24959634710 0
1787580889 35841304 24959646917 0
1787580890 35841584 24959659526 0
1787580891 35841714 24959671755 0
1787580892 35841948 24959684515 0
1787580893 35842102 24959696797 0
1787580894 35842406 24959708751 0
1787580895 35842904 24959720885 0
1787580897 35843218 24959732864 0
1787580898 35844345 24959744539 0
1787580899 35845669 24959757691 0
1787580900 35846855 24959767833 0
1787580901 35847162 24959779738 0
1787580902 35847345 24959792314 0
1787580903 35847542 24959804485 0
1787580904 35847764 24959817173 0
1787580905 35847929 24959829306 0
1787580907 35848103 24959842224 0
1787580908 35848290 24959856678 0
1787580909 35848415 24959869038 0
1787580910 35848512 24959881285 0
1787580911 35848616 24959893585 0
1787580912 35848776 24959906622 0
1787580913 35848923 24959918835 0
1787580914 35849061 24959931485 0
1787580915 35849194 24959943825 0
