1787580506 35731275 24955204396 0
1787580507 35732173 24955214648 0
1787580508 35733313 24955224951 0
1787580509 35734221 24955234870 0
1787580510 35734353 24955247047 0
1787580511 35734530 24955259303 0
1787580512 35734683 24955271483 0
1787580514 35734819 24955284596 0
1787580515 35734983 24955296820 0
1787580516 35735085 24955309183 0
1787580517 35735219 24955321510 0
1787580518 35735309 24955333848 0
1787580519 35735406 24955346218 0
1787580520 35735563 24955358450 0
1787580521 35735702 24955371594 0
1787580522 35735842 24955383798 0
1787580523 35735936 24955396049 0
1787580524 35736069 24955408334 0
1787580525 35736255 24955420609 0
1787580526 35736345 24955432895 0
1787580527 35736438 24955445069 0
1787580528 35736613 24955457536 0
1787580529 35736865 24955470600 0
1787580530 35737102 24955482755 0
1787580531 35737238 24955495027 0
1787580532 35737396 24955507260 0
1787580533 35737582 24955519386 0
1787580534 35737953 24955531416 0
1787580535 35738482 24955543543 0
1787580536 35738743 24955555536 0
1787580537 35739644 24955564617 0
1787580538 35740744 24955575038 0
1787580540 35742016 24955585391 0
1787580541 35742424 24955597351 0
1787580542 35742576 24955609496 0
1787580543 35742682 24955621825 0
1787580544 35742824 24955634383 0
1787580545 35742932 24955646620 0
1787580546 35743029 24955658773 0
1787580547 35743239 24955671301 0
1787580548 35743349 24955683446 0
1787580549 35743458 24955695737 0
1787580550 35743658 24955708357 0
1787580551 35743811 24955720661 0
1787580552 35743923 24955733036 0
1787580553 35744037 24955745213 0
1787580554 35744150 24955757398 0
1787580555 35744286 24955769752 0
1787580556 35744418 24955782314 0
1787580557 35744549 24955795457 0
1787580558 35744719 24955807684 0
1787580559 35745064 24955820453 0
1787580560 35745221 24955833303 0
1787580562 35745420 24955846397 0
1787580563 35745642 24955859526 0
1787580564 35745923 24955871667 0
1787580565 35746396 24955883592 0
1787580566 35746754 24955895993 0
1787580567 35747625 24955906566 0
1787580568 35748775 24955917944 0
1787580569 35749753 24955928216 0
1787580570 35750397 24955939533 0
