1787580851 35830856 24959202956 0
1787580852 35831033 24959215120 0
1787580853 35831175 24959227324 0
1787580854 35831309 24959239476 0
1787580855 35831451 24959251719 0
1787580856 35831592 24959264064 0
1787580857 35831719 24959276342 0
1787580858 35831826 24959288473 0
1787580859 35832131 24959300633 0
1787580860 35832537 24959312777 0
1787580861 35832814 24959324846 0
1787580862 35833141 24959336537 0
1787580863 35833735 24959348539 0
1787580864 35834425 24959360588 0
1787580866 35834890 24959372421 0
1787580867 35835941 24959382501 0
1787580868 35837038 24959392558 0
1787580869 35838280 24959402918 0
1787580870 35838707 24959414424 0
1787580871 35838885 24959426560 0
1787580872 35839029 24959438782 0
1787580873 35839126 24959450593 0
1787580874 35839272 24959462719 0
1787580875 35839374 24959474925 0
1787580876 35839551 24959487225 0
1787580877 35839730 24959499212 0
1787580878 35839864 24959511384 0
1787580879 35839980 24959523561 0
1787580880 35840095 24959535879 0
1787580881 35840223 24959548081 0
1787580882 35840351 24959560450 0
1787580883 35840451 24959572671 0
1787580884 35840594 24959585012 0
1787580885 35840725 24959597212 0
1787580886 35840840 24959609330 0
1787580887 35840972 24959621576 0
1787580888 35841109 24959633846 0
1787580889 35841292 24959646041 0
1787580890 35841562 24959658245 0
1787580891 35841696 24959670467 0
1787580892 35841930 24959682750 0
1787580893 35842076 24959694942 0
1787580894 35842353 24959706896 0
1787580895 35842814 24959719033 0
1787580896 35843130 24959731055 0
1787580897 35844016 24959741402 0
1787580898 35844938 24959750906 0
1787580899 35845944 24959760067 0
1787580900 35847016 24959770223 0
1787580901 35847194 24959782507 0
1787580903 35847383 24959794634 0
1787580904 35847574 24959806810 0
1787580905 35847791 24959818760 0
1787580906 35847953 24959831020 0
1787580907 35848118 24959843340 0
1787580908 35848283 24959855615 0
1787580909 35848393 24959867881 0
1787580910 35848501 24959880079 0
1787580911 35848606 24959892504 0
1787580912 35848751 24959904713 0
1787580913 35848904 24959916878 0
1787580914 35849028 24959929102 0
1787580915 35849172 24959941331 0
