1787579701 35504121 24945857003 0
1787579702 35504274 24945869122 0
1787579703 35504419 24945881293 0
1787579704 35504564 24945893517 0
1787579705 35504698 24945905743 0
1787579706 35504845 24945918141 0
1787579707 35505001 24945930429 0
1787579708 35505124 24945942597 0
1787579709 35505283 24945954963 0
1787579710 35505416 24945967293 0
1787579711 35505566 24945979474 0
1787579712 35505694 24945991892 0
1787579713 35505853 24946004072 0
1787579714 35505986 24946016340 0
1787579715 35506125 24946028432 0
1787579716 35506266 24946040703 0
1787579717 35506420 24946052852 0
1787579718 35506591 24946065163 0
1787579719 35506836 24946077415 0
1787579720 35507056 24946089498 0
1787579721 35507195 24946101706 0
1787579722 35507362 24946114020 0
1787579723 35507528 24946126283 0
1787579725 35507868 24946138473 0
1787579726 35508288 24946150534 0
1787579727 35508661 24946162523 0
1787579728 35509204 24946173992 0
1787579729 35510196 24946184045 0
1787579730 35511267 24946194984 0
1787579731 35512365 24946205609 0
1787579732 35512774 24946217509 0
1787579733 35512942 24946229856 0
1787579734 35513109 24946242174 0
1787579735 35513235 24946254473 0
1787579736 35513404 24946266976 0
1787579737 35513537 24946279288 0
1787579738 35513717 24946291492 0
1787579739 35513858 24946303744 0
1787579740 35514042 24946316145 0
1787579741 35514186 24946328310 0
1787579742 35514342 24946340518 0
1787579743 35514497 24946352696 0
1787579744 35514647 24946364947 0
1787579745 35514803 24946377137 0
1787579746 35514943 24946389410 0
1787579747 35515097 24946401615 0
1787579749 35515262 24946413806 0
1787579750 35515528 24946425971 0
1787579751 35515688 24946438220 0
1787579752 35515835 24946450419 0
1787579753 35516027 24946462523 0
1787579754 35516310 24946474570 0
1787579755 35516788 24946487040 0
1787579756 35517178 24946499242 0
1787579757 35517724 24946511123 0
1787579758 35518689 24946521731 0
1787579759 35519712 24946531729 0
1787579760 35520689 24946541553 0
1787579761 35521205 24946552594 0
1787579762 35521372 24946564761 0
1787579763 35521502 24946577013 0
1787579764 35521609 24946589316 0
1787579765 35521711 24946601449 0
