1787564409 32779581 24767213236 0
1787564410 32779697 24767225372 0
1787564411 32779813 24767237582 0
1787564412 32779919 24767249796 0
1787564413 32780042 24767262157 0
1787564414 32780149 24767274376 0
1787564415 32780268 24767286542 0
1787564416 32780385 24767298697 0
1787564417 32780519 24767310882 0
1787564418 32780627 24767323020 0
1787564419 32780749 24767335162 0
1787564420 32780866 24767347307 0
1787564421 32780983 24767359578 0
1787564422 32781110 24767371840 0
1787564423 32781230 24767384046 0
1787564424 32781354 24767396227 0
1787564425 32781476 24767408385 0
1787564426 32781597 24767420516 0
1787564427 32781721 24767432783 0
1787564428 32781842 24767444973 0
1787564429 32781957 24767457247 0
1787564430 32782087 24767469460 0
1787564431 32782210 24767481762 0
1787564432 32782326 24767493898 0
1787564433 32782447 24767506236 0
1787564434 32782574 24767518447 0
1787564435 32782696 24767530598 0
1787564436 32782824 24767542780 0
1787564437 32782942 24767554979 0
1787564438 32783070 24767567188 0
1787564439 32783192 24767579432 0
1787564440 32783306 24767591656 0
1787564441 32783426 24767604113 0
1787564442 32783549 24767616256 0
1787564443 32783669 24767628426 0
1787564444 32783775 24767640656 0
1787564445 32783894 24767652825 0
1787564446 32784013 24767665083 0
1787564447 32784165 24767677461 0
1787564448 32784327 24767689630 0
1787564449 32784467 24767701802 0
1787564450 32784626 24767714015 0
1787564451 32784781 24767726207 0
1787564452 32784932 24767738430 0
1787564453 32785086 24767750603 0
1787564455 32785241 24767762828 0
1787564456 32785400 24767774974 0
1787564457 32785558 24767787124 0
1787564458 32785700 24767799237 0
1787564459 32785845 24767811336 0
1787564460 32786006 24767823756 0
1787564461 32786149 24767835922 0
1787564462 32786292 24767848094 0
1787564463 32786440 24767860202 0
1787564464 32786585 24767872389 0
1787564465 32786750 24767884605 0
1787564466 32786906 24767896828 0
1787564467 32787052 24767909007 0
1787564468 32787206 24767921197 0
1787564469 32787357 24767933470 0
1787564470 32787512 24767945700 0
1787564471 32787658 24767957818 0
1787564472 32787789 24767969931 0
1787564473 32787927 24767982138 0
