1787580506 35731274 24955204381 0
1787580507 35732179 24955214706 0
1787580508 35733234 24955224237 0
1787580509 35734201 24955234224 0
1787580510 35734346 24955246337 0
1787580511 35734518 24955258491 0
1787580512 35734672 24955270940 0
1787580513 35734803 24955283169 0
1787580514 35734956 24955295411 0
1787580515 35735068 24955307716 0
1787580517 35735201 24955320184 0
1787580518 35735294 24955332441 0
1787580519 35735387 24955344686 0
1787580520 35735533 24955356996 0
1787580521 35735678 24955369144 0
1787580522 35735809 24955381342 0
1787580523 35735911 24955393659 0
1787580524 35736033 24955406028 0
1787580525 35736236 24955418702 0
1787580526 35736330 24955430976 0
1787580527 35736423 24955443301 0
1787580528 35736578 24955455534 0
1787580529 35736826 24955467920 0
1787580530 35737075 24955480316 0
1787580531 35737207 24955492563 0
1787580532 35737379 24955504756 0
1787580533 35737542 24955516892 0
1787580534 35737880 24955528898 0
1787580535 35738394 24955540950 0
1787580536 35738671 24955552977 0
1787580537 35739424 24955562914 0
1787580538 35740552 24955573432 0
1787580539 35741769 24955583186 0
1787580540 35742361 24955594281 0
1787580541 35742547 24955606447 0
1787580542 35742659 24955618877 0
1787580543 35742778 24955631188 0
1787580544 35742907 24955643343 0
1787580545 35743004 24955655597 0
1787580547 35743184 24955668419 0
1787580548 35743326 24955680724 0
1787580549 35743430 24955693084 0
1787580550 35743601 24955705277 0
1787580551 35743789 24955717561 0
1787580552 35743897 24955729880 0
1787580553 35744021 24955742360 0
1787580554 35744130 24955754558 0
1787580555 35744247 24955766749 0
1787580556 35744383 24955779027 0
1787580557 35744515 24955791258 0
1787580558 35744629 24955803704 0
1787580559 35744865 24955815836 0
1787580560 35745134 24955827898 0
1787580561 35745339 24955840061 0
1787580562 35745496 24955852321 0
1787580563 35745718 24955864438 0
1787580564 35746051 24955876464 0
1787580565 35746580 24955888444 0
1787580566 35746968 24955900249 0
1787580567 35748034 24955910397 0
1787580568 35748980 24955920325 0
1787580569 35750058 24955930847 0
1787580570 35750433 24955942392 0
