1787562695 32621437 24746739208 0
1787562696 32621545 24746752249 0
1787562697 32621661 24746765438 0
1787562698 32621769 24746779772 0
1787562699 32621871 24746792985 0
1787562700 32621983 24746806089 0
1787562701 32622091 24746819171 0
1787562702 32622192 24746831340 0
1787562704 32622295 24746845576 0
1787562705 32622405 24746858672 0
1787562706 32622506 24746871762 0
1787562707 32622611 24746883989 0
1787562708 32622711 24746897013 0
1787562709 32622806 24746910063 0
1787562710 32622911 24746923213 0
1787562711 32623007 24746936359 0
1787562712 32623124 24746950742 0
1787562714 32623235 24746965040 0
1787562715 32623349 24746978214 0
1787562716 32623463 24746991431 0
1787562717 32623566 24747004535 0
1787562718 32623676 24747018726 0
1787562719 32623780 24747031964 0
1787562720 32623881 24747045156 0
1787562721 32623986 24747059403 0
1787562723 32624098 24747072562 0
1787562724 32624190 24747085659 0
1787562725 32624299 24747098873 0
1787562726 32624414 24747113100 0
1787562727 32624517 24747126295 0
1787562728 32624639 24747140622 0
1787562729 32624733 24747153871 0
1787562730 32624846 24747167007 0
1787562732 32624955 24747180154 0
1787562733 32625073 24747193324 0
1787562734 32625180 24747206516 0
1787562735 32625294 24747220692 0
1787562736 32625393 24747233979 0
1787562737 32625495 24747247092 0
1787562738 32625627 24747260164 0
1787562739 32625749 24747274496 0
1787562741 32625878 24747287596 0
1787562742 32626006 24747300608 0
1787562743 32626126 24747313767 0
1787562744 32626231 24747325873 0
1787562745 32626360 24747338822 0
1787562746 32626486 24747351831 0
1787562747 32626604 24747364914 0
1787562748 32626714 24747378014 0
1787562749 32626820 24747391275 0
1787562750 32626927 24747405481 0
1787562752 32627042 24747418637 0
1787562753 32627144 24747431721 0
1787562754 32627245 24747444908 0
1787562755 32627353 24747457991 0
1787562756 32627478 24747472288 0
1787562757 32627601 24747485583 0
1787562758 32627721 24747498419 0
1787562759 32627842 24747511489 0
