1787579701 35504121 24945857010 0
1787579702 35504275 24945869222 0
1787579703 35504421 24945881499 0
1787579704 35504568 24945893985 0
1787579705 35504702 24945906177 0
1787579706 35504847 24945918486 0
1787579707 35505006 24945930581 0
1787579708 35505128 24945942830 0
1787579709 35505283 24945955094 0
1787579710 35505416 24945967292 0
1787579711 35505565 24945979411 0
1787579712 35505690 24945991615 0
1787579713 35505850 24946003835 0
1787579714 35505979 24946016140 0
1787579715 35506122 24946028325 0
1787579716 35506266 24946040734 0
1787579717 35506420 24946052845 0
1787579718 35506589 24946065110 0
1787579719 35506839 24946077518 0
1787579720 35507062 24946089820 0
1787579721 35507201 24946102018 0
1787579722 35507366 24946114194 0
1787579723 35507528 24946126333 0
1787579724 35507858 24946138318 0
1787579726 35508279 24946150368 0
1787579727 35508658 24946162404 0
1787579728 35509195 24946173896 0
1787579729 35510166 24946183734 0
1787579730 35511114 24946193064 0
1787579731 35512124 24946203128 0
1787579732 35512725 24946213722 0
1787579733 35512891 24946225916 0
1787579734 35513057 24946238029 0
1787579735 35513192 24946250124 0
1787579736 35513346 24946262372 0
1787579737 35513490 24946274529 0
1787579738 35513653 24946286886 0
1787579739 35513794 24946299213 0
1787579740 35513976 24946311485 0
1787579741 35514116 24946323663 0
1787579742 35514271 24946336034 0
1787579743 35514428 24946348367 0
1787579744 35514578 24946360732 0
1787579745 35514745 24946373171 0
1787579746 35514893 24946385452 0
1787579747 35515043 24946397767 0
1787579748 35515187 24946410068 0
1787579749 35515434 24946422149 0
1787579750 35515628 24946434360 0
1787579751 35515811 24946446677 0
1787579752 35515947 24946458854 0
1787579753 35516186 24946470935 0
1787579754 35516578 24946482874 0
1787579755 35517101 24946494905 0
1787579756 35517381 24946506959 0
1787579757 35518234 24946517193 0
1787579758 35519203 24946527022 0
1787579760 35520222 24946536716 0
1787579761 35521133 24946546844 0
1787579762 35521292 24946558988 0
1787579763 35521438 24946571195 0
1787579764 35521564 24946583403 0
1787579765 35521660 24946595546 0
