1787577109 34755307 24915935892 0
1787577110 34755519 24915948238 0
1787577111 34755719 24915960387 0
1787577113 34755899 24915973404 0
1787577114 34756183 24915986544 0
1787577115 34756715 24915999482 0
1787577116 34757147 24916012290 0
1787577117 34757763 24916023610 0
1787577118 34758864 24916034396 0
1787577119 34760128 24916046260 0
1787577120 34761185 24916057928 0
1787577121 34761353 24916070010 0
1787577122 34761479 24916082248 0
1787577123 34761610 24916094602 0
1787577125 34761728 24916106756 0
1787577126 34761860 24916118951 0
1787577127 34762045 24916131600 0
1787577128 34762216 24916144629 0
1787577129 34762357 24916156847 0
1787577130 34762516 24916169118 0
1787577131 34762720 24916181410 0
1787577132 34762902 24916193642 0
1787577133 34763021 24916205758 0
1787577134 34763146 24916217858 0
1787577135 34763273 24916230060 0
1787577136 34763396 24916242513 0
1787577137 34763533 24916254776 0
1787577138 34763690 24916267099 0
1787577139 34763907 24916279173 0
1787577140 34764069 24916291381 0
1787577141 34764241 24916303682 0
1787577142 34764433 24916315898 0
1787577143 34764768 24916328732 0
1787577144 34765198 24916340833 0
1787577145 34765557 24916352841 0
1787577146 34766208 24916363747 0
1787577147 34767354 24916374904 0
1787577149 34768414 24916385023 0
1787577150 34769365 24916394916 0
1787577151 34769608 24916407949 0
1787577152 34769769 24916422178 0
1787577153 34769914 24916434514 0
1787577154 34770058 24916447410 0
1787577155 34770191 24916459740 0
1787577156 34770325 24916471958 0
1787577157 34770443 24916484164 0
1787577158 34770577 24916496520 0
1787577159 34770694 24916508702 0
1787577160 34770859 24916520961 0
1787577161 34770994 24916533133 0
1787577162 34771101 24916545334 0
1787577163 34771245 24916557507 0
1787577164 34771381 24916569720 0
1787577165 34771516 24916581881 0
1787577166 34771671 24916594159 0
1787577167 34771819 24916606745 0
1787577168 34771988 24916618895 0
1787577169 34772253 24916630999 0
1787577170 34772409 24916643412 0
1787577171 34772557 24916655650 0
1787577173 34772774 24916668420 0
