1787577365 34825104 24918895686 0
1787577366 34825298 24918907883 0
1787577367 34825459 24918920131 0
1787577368 34825673 24918932311 0
1787577369 34825888 24918944647 0
1787577370 34826095 24918956908 0
1787577371 34826266 24918968976 0
1787577372 34826482 24918981410 0
1787577373 34826649 24918993606 0
1787577374 34826840 24919005760 0
1787577376 34827011 24919017985 0
1787577377 34827198 24919030193 0
1787577378 34827397 24919042297 0
1787577379 34827636 24919054525 0
1787577380 34827961 24919066672 0
1787577381 34828200 24919079549 0
1787577382 34828421 24919091898 0
1787577383 34828678 24919104246 0
1787577384 34828977 24919116005 0
1787577385 34829465 24919127983 0
1787577386 34829972 24919139686 0
1787577387 34830271 24919151481 0
1787577388 34831026 24919161836 0
1787577389 34831683 24919173031 0
1787577390 34832569 24919182908 0
1787577391 34833654 24919192641 0
1787577392 34834144 24919203954 0
1787577393 34834292 24919216109 0
1787577394 34834442 24919228378 0
1787577395 34834583 24919240594 0
1787577396 34834765 24919252848 0
1787577397 34834967 24919265089 0
1787577398 34835094 24919277332 0
1787577399 34835217 24919289566 0
1787577400 34835400 24919301893 0
1787577401 34835541 24919314276 0
1787577402 34835691 24919326689 0
1787577403 34835829 24919338904 0
1787577405 34835982 24919351153 0
1787577406 34836099 24919363412 0
1787577407 34836263 24919375827 0
1787577408 34836409 24919388281 0
1787577409 34836619 24919400537 0
1787577410 34836823 24919412833 0
1787577411 34837025 24919424965 0
1787577412 34837154 24919437326 0
1787577413 34837426 24919449253 0
1787577414 34837923 24919461326 0
1787577415 34838290 24919473238 0
1787577416 34838983 24919484004 0
1787577417 34839913 24919493954 0
1787577418 34840973 24919503834 0
1787577419 34841972 24919513600 0
1787577420 34842281 24919526337 0
1787577421 34842478 24919538478 0
1787577422 34842625 24919550626 0
1787577423 34842747 24919562874 0
1787577424 34842877 24919575131 0
1787577425 34842998 24919587406 0
1787577426 34843127 24919599849 0
1787577427 34843249 24919612240 0
1787577428 34843405 24919624623 0
1787577429 34843546 24919636980 0
