1787577365 34825102 24918895606 0
1787577366 34825298 24918907911 0
1787577367 34825459 24918920113 0
1787577368 34825671 24918932275 0
1787577369 34825885 24918944484 0
1787577370 34826090 24918956753 0
1787577371 34826264 24918968887 0
1787577372 34826468 24918981015 0
1787577373 34826649 24918993606 0
1787577374 34826855 24919006074 0
1787577376 34827014 24919018117 0
1787577377 34827200 24919030326 0
1787577378 34827398 24919042386 0
1787577379 34827637 24919054568 0
1787577380 34827961 24919066672 0
1787577381 34828183 24919078739 0
1787577382 34828406 24919090980 0
1787577383 34828644 24919103119 0
1787577384 34828927 24919114952 0
1787577385 34829410 24919126878 0
1787577386 34829949 24919138735 0
1787577387 34830240 24919150420 0
1787577388 34830959 24919160716 0
1787577389 34831612 24919171209 0
1787577390 34832576 24919182980 0
1787577391 34833660 24919192694 0
1787577392 34834154 24919204403 0
1787577393 34834298 24919216436 0
1787577394 34834450 24919228995 0
1787577395 34834596 24919241123 0
1787577396 34834768 24919253190 0
1787577397 34834971 24919265310 0
1787577398 34835095 24919277466 0
1787577399 34835223 24919289921 0
1787577400 34835405 24919302210 0
1787577401 34835543 24919314425 0
1787577402 34835691 24919326708 0
1787577404 34835831 24919338948 0
1787577405 34835986 24919351273 0
1787577406 34836103 24919363711 0
1787577407 34836264 24919375954 0
1787577408 34836407 24919388191 0
1787577409 34836617 24919400494 0
1787577410 34836819 24919412681 0
1787577411 34837023 24919424861 0
1787577412 34837151 24919437224 0
1787577413 34837421 24919449191 0
1787577414 34837914 24919461145 0
1787577415 34838287 24919473112 0
1787577416 34838980 24919483993 0
1787577417 34839906 24919493898 0
1787577418 34840969 24919503793 0
1787577419 34841972 24919513609 0
1787577420 34842273 24919525535 0
1787577421 34842463 24919537715 0
1787577422 34842614 24919549809 0
1787577423 34842736 24919561969 0
1787577424 34842868 24919574492 0
1787577425 34842989 24919586688 0
1787577426 34843116 24919598918 0
1787577427 34843237 24919611108 0
1787577428 34843391 24919623281 0
1787577429 34843531 24919635482 0
