1787563906 32724795 24761208221 0
1787563907 32724913 24761220485 0
1787563908 32725041 24761232717 0
1787563909 32725158 24761245076 0
1787563910 32725286 24761257672 0
1787563911 32725415 24761269908 0
1787563912 32725563 24761282082 0
1787563913 32725700 24761294239 0
1787563914 32725854 24761306404 0
1787563915 32725994 24761318677 0
1787563916 32726151 24761331007 0
1787563917 32726301 24761343200 0
1787563918 32726445 24761355419 0
1787563919 32726559 24761367557 0
1787563920 32726710 24761379696 0
1787563921 32726839 24761391799 0
1787563922 32726986 24761404035 0
1787563923 32727135 24761416311 0
1787563924 32727292 24761428596 0
1787563925 32727457 24761440777 0
1787563926 32727617 24761453138 0
1787563927 32727762 24761465303 0
1787563928 32727926 24761477431 0
1787563929 32728071 24761489684 0
1787563930 32728223 24761501866 0
1787563931 32728362 24761514166 0
1787563932 32728495 24761526299 0
1787563933 32728620 24761538682 0
1787563934 32728774 24761551063 0
1787563935 32728895 24761563200 0
1787563936 32729034 24761575291 0
1787563937 32729164 24761587425 0
1787563938 32729329 24761599699 0
1787563939 32729477 24761611900 0
1787563940 32729612 24761624170 0
1787563941 32729756 24761636390 0
1787563942 32729888 24761648549 0
1787563943 32730031 24761660947 0
1787563945 32730176 24761673234 0
1787563946 32730321 24761685465 0
1787563947 32730467 24761697574 0
1787563948 32730601 24761709704 0
1787563949 32730745 24761721925 0
1787563950 32730876 24761734094 0
1787563951 32731026 24761746318 0
1787563952 32731170 24761758651 0
1787563953 32731306 24761770950 0
1787563954 32731454 24761783192 0
1787563955 32731611 24761795511 0
1787563956 32731736 24761807754 0
1787563957 32731869 24761820065 0
1787563958 32732016 24761832317 0
1787563959 32732163 24761844643 0
1787563960 32732299 24761856896 0
1787563961 32732454 24761869107 0
1787563962 32732594 24761881400 0
1787563963 32732757 24761893747 0
1787563964 32732885 24761905930 0
1787563965 32733020 24761918251 0
1787563966 32733158 24761930443 0
1787563967 32733297 24761942702 0
1787563968 32733448 24761954925 0
1787563969 32733595 24761967092 0
