1787563112 32651153 24751727152 0
1787563113 32651264 24751739532 0
1787563114 32651369 24751751983 0
1787563115 32651479 24751764136 0
1787563116 32651597 24751776478 0
1787563117 32651694 24751788876 0
1787563118 32651819 24751801137 0
1787563119 32651932 24751813418 0
1787563120 32652047 24751825519 0
1787563121 32652171 24751837909 0
1787563122 32652285 24751850076 0
1787563123 32652398 24751862191 0
1787563124 32652523 24751874437 0
1787563125 32652626 24751886635 0
1787563126 32652752 24751898819 0
1787563127 32652880 24751911053 0
1787563128 32652983 24751923257 0
1787563129 32653085 24751935637 0
1787563130 32653203 24751947914 0
1787563131 32653314 24751960172 0
1787563132 32653417 24751972442 0
1787563133 32653515 24751984606 0
1787563134 32653629 24751996801 0
1787563135 32653750 24752009111 0
1787563136 32653864 24752021224 0
1787563137 32653964 24752033360 0
1787563138 32654084 24752045443 0
1787563139 32654183 24752057674 0
1787563140 32654299 24752069861 0
1787563141 32654419 24752082145 0
1787563143 32654527 24752094354 0
1787563144 32654635 24752106530 0
1787563145 32654748 24752118827 0
1787563146 32654866 24752131089 0
1787563147 32654982 24752143536 0
1787563148 32655100 24752155706 0
1787563149 32655210 24752167915 0
1787563150 32655328 24752180042 0
1787563151 32655437 24752192238 0
1787563152 32655535 24752204398 0
1787563153 32655663 24752216566 0
1787563154 32655755 24752228734 0
1787563155 32655901 24752241037 0
1787563156 32655999 24752253219 0
1787563157 32656112 24752265441 0
1787563158 32656171 24752277687 0
1787563159 32656190 24752289931 0
1787563160 32656202 24752302182 0
1787563161 32656216 24752314439 0
1787563162 32656228 24752326639 0
1787563163 32656258 24752338813 0
1787563164 32656271 24752351054 0
1787563165 32656284 24752363269 0
1787563166 32656298 24752375436 0
1787563167 32656313 24752387637 0
1787563168 32656324 24752399868 0
1787563169 32656362 24752412109 0
1787563170 32656376 24752424458 0
1787563171 32656414 24752436685 0
1787563172 32656441 24752448903 0
1787563173 32656468 24752461095 0
1787563174 32656525 24752473395 0
1787563175 32656623 24752485627 0
1787563176 32656734 24752498099 0
