1787577109 34755307 24915935900 0
1787577110 34755516 24915948150 0
1787577111 34755719 24915960392 0
1787577112 34755886 24915972603 0
1787577113 34756129 24915984704 0
1787577114 34756571 24915996682 0
1787577116 34757054 24916008639 0
1787577117 34757427 24916020649 0
1787577118 34758421 24916030472 0
1787577119 34759456 24916040329 0
1787577120 34760526 24916050952 0
1787577121 34761255 24916061520 0
1787577122 34761405 24916073640 0
1787577123 34761521 24916085960 0
1787577124 34761646 24916098072 0
1787577125 34761764 24916110168 0
1787577126 34761912 24916122478 0
1787577127 34762101 24916134569 0
1787577128 34762233 24916146903 0
1787577129 34762381 24916159056 0
1787577130 34762565 24916171563 0
1787577131 34762769 24916183684 0
1787577132 34762922 24916195809 0
1787577133 34763036 24916207922 0
1787577134 34763161 24916219992 0
1787577135 34763292 24916232306 0
1787577136 34763423 24916244514 0
1787577137 34763555 24916256760 0
1787577138 34763718 24916268914 0
1787577139 34763940 24916280994 0
1787577140 34764109 24916293247 0
1787577141 34764263 24916305449 0
1787577142 34764479 24916317618 0
1787577143 34764794 24916329613 0
1787577144 34765227 24916341579 0
1787577145 34765575 24916353552 0
1787577146 34766253 24916364281 0
1787577147 34767318 24916374551 0
1787577148 34768359 24916384456 0
1787577149 34769345 24916394530 0
1787577151 34769580 24916406720 0
1787577152 34769742 24916418903 0
1787577153 34769860 24916431178 0
1787577154 34770009 24916443404 0
1787577155 34770140 24916455616 0
1787577156 34770272 24916467848 0
1787577157 34770393 24916480120 0
1787577158 34770536 24916492331 0
1787577159 34770647 24916504613 0
1787577160 34770811 24916516881 0
1787577161 34770939 24916529076 0
1787577162 34771052 24916541372 0
1787577163 34771214 24916553726 0
1787577164 34771330 24916566058 0
1787577165 34771480 24916578460 0
1787577166 34771615 24916590695 0
1787577167 34771758 24916602905 0
1787577168 34771916 24916615130 0
1787577169 34772195 24916627436 0
1787577170 34772343 24916639623 0
1787577171 34772526 24916651804 0
1787577172 34772670 24916664118 0
1787577173 34772958 24916676113 0
