1787577794 34941374 24923861263 0
1787577795 34941538 24923873681 0
1787577796 34941717 24923886790 0
1787577798 34941892 24923900130 0
1787577799 34942138 24923913269 0
1787577800 34942408 24923925487 0
1787577801 34942606 24923937686 0
1787577802 34942772 24923949878 0
1787577803 34943002 24923961827 0
1787577804 34943347 24923973957 0
1787577805 34943871 24923986046 0
1787577806 34944193 24923998121 0
1787577807 34944862 24924009360 0
1787577808 34945658 24924017942 0
1787577809 34946592 24924028270 0
1787577810 34947658 24924038196 0
1787577811 34948169 24924049178 0
1787577812 34948351 24924061848 0
1787577813 34948486 24924073983 0
1787577814 34948602 24924086108 0
1787577815 34948730 24924098378 0
1787577816 34948847 24924110588 0
1787577817 34948968 24924122856 0
1787577818 34949104 24924135254 0
1787577819 34949245 24924147637 0
1787577820 34949395 24924159926 0
1787577821 34949528 24924172141 0
1787577822 34949638 24924184604 0
1787577823 34949788 24924196966 0
1787577824 34949913 24924209250 0
1787577825 34950071 24924221582 0
1787577827 34950198 24924234773 0
1787577828 34950352 24924246983 0
1787577829 34950539 24924259159 0
1787577830 34950780 24924271234 0
1787577831 34950980 24924283285 0
1787577832 34951191 24924295486 0
1787577833 34951403 24924308121 0
1787577834 34951796 24924320077 0
1787577835 34952339 24924331918 0
1787577836 34952644 24924343946 0
1787577837 34953609 24924354091 0
1787577838 34954627 24924363880 0
1787577839 34955680 24924373654 0
1787577840 34956274 24924383342 0
1787577841 34956441 24924395523 0
1787577842 34956620 24924408170 0
1787577843 34956728 24924420397 0
1787577844 34956847 24924432586 0
1787577845 34956968 24924444849 0
1787577846 34957087 24924456925 0
1787577847 34957240 24924469261 0
1787577848 34957371 24924481407 0
1787577849 34957489 24924493552 0
1787577850 34957656 24924505706 0
1787577851 34957779 24924517841 0
1787577852 34957929 24924530736 0
1787577853 34958065 24924542971 0
1787577854 34958190 24924555216 0
1787577855 34958341 24924567400 0
1787577856 34958521 24924579675 0
1787577857 34958675 24924591830 0
1787577858 34958887 24924603963 0
