1787577794 34941374 24923861279 0
1787577795 34941538 24923873676 0
1787577796 34941701 24923885978 0
1787577797 34941870 24923898325 0
1787577798 34942088 24923910551 0
1787577799 34942383 24923922824 0
1787577800 34942569 24923935079 0
1787577801 34942747 24923947351 0
1787577802 34942946 24923959453 0
1787577803 34943275 24923971225 0
1787577804 34943758 24923983256 0
1787577805 34944141 24923995266 0
1787577807 34944616 24924006884 0
1787577808 34945597 24924017440 0
1787577809 34946568 24924028025 0
1787577810 34947631 24924037859 0
1787577811 34948161 24924048707 0
1787577812 34948337 24924060926 0
1787577813 34948482 24924073060 0
1787577814 34948598 24924085156 0
1787577815 34948718 24924097336 0
1787577816 34948835 24924109462 0
1787577817 34948961 24924121790 0
1787577818 34949091 24924133926 0
1787577819 34949220 24924146194 0
1787577820 34949376 24924158365 0
1787577821 34949513 24924170624 0
1787577822 34949624 24924182894 0
1787577823 34949769 24924195096 0
1787577824 34949897 24924207341 0
1787577825 34950047 24924219721 0
1787577826 34950165 24924232050 0
1787577827 34950323 24924244263 0
1787577828 34950490 24924256488 0
1787577829 34950728 24924268662 0
1787577830 34950940 24924280929 0
1787577831 34951148 24924293115 0
1787577832 34951348 24924305126 0
1787577833 34951699 24924316983 0
1787577834 34952210 24924328838 0
1787577836 34952537 24924340841 0
1787577837 34953319 24924351329 0
1787577838 34954350 24924361094 0
1787577839 34955394 24924371008 0
1787577840 34956180 24924380216 0
1787577841 34956387 24924391865 0
1787577842 34956568 24924403998 0
1787577843 34956688 24924416232 0
1787577844 34956817 24924428481 0
1787577845 34956931 24924440954 0
1787577846 34957041 24924453355 0
1787577847 34957196 24924465541 0
1787577848 34957323 24924477755 0
1787577849 34957452 24924490020 0
1787577850 34957617 24924502256 0
1787577851 34957756 24924514526 0
1787577852 34957885 24924526709 0
1787577853 34958009 24924539136 0
1787577854 34958146 24924551318 0
1787577855 34958284 24924563454 0
1787577856 34958452 24924575568 0
1787577857 34958613 24924587726 0
1787577858 34958805 24924599986 0
