1787562192 32579315 24740743247 0
1787562193 32579421 24740756043 0
1787562195 32579520 24740769299 0
1787562196 32579609 24740782397 0
1787562197 32579715 24740797885 0
1787562198 32579811 24740811002 0
1787562199 32579920 24740824169 0
1787562200 32580028 24740839677 0
1787562202 32580131 24740852791 0
1787562203 32580237 24740865941 0
1787562204 32580341 24740879155 0
1787562205 32580460 24740892308 0
1787562206 32580559 24740904466 0
1787562207 32580668 24740917177 0
1787562208 32580781 24740930290 0
1787562209 32580896 24740943386 0
1787562210 32581022 24740956604 0
1787562211 32581140 24740969724 0
1787562212 32581247 24740982849 0
1787562214 32581366 24740995874 0
1787562215 32581485 24741010197 0
1787562216 32581585 24741023340 0
1787562217 32581693 24741035530 0
1787562218 32581816 24741049483 0
1787562219 32581924 24741062800 0
1787562220 32582038 24741075738 0
1787562221 32582145 24741088985 0
1787562223 32582229 24741103317 0
1787562224 32582329 24741116309 0
1787562225 32582447 24741129412 0
1787562226 32582553 24741142577 0
1787562227 32582678 24741156921 0
1787562228 32582790 24741170080 0
1787562229 32582895 24741183192 0
1787562230 32583001 24741196119 0
1787562232 32583111 24741209430 0
1787562233 32583223 24741223582 0
1787562234 32583321 24741236659 0
1787562235 32583433 24741249858 0
1787562236 32583572 24741264094 0
1787562237 32583684 24741277253 0
1787562238 32583798 24741290439 0
1787562239 32583910 24741303650 0
1787562240 32584016 24741316662 0
1787562242 32584116 24741329858 0
1787562243 32584212 24741342031 0
1787562244 32584328 24741354878 0
1787562245 32584426 24741368012 0
1787562246 32584536 24741381039 0
1787562247 32584638 24741393128 0
1787562248 32584725 24741406020 0
1787562249 32584812 24741418153 0
1787562250 32584925 24741431062 0
1787562251 32585033 24741444219 0
1787562252 32585131 24741456383 0
1787562253 32585234 24741469408 0
1787562254 32585353 24741482675 0
1787562255 32585460 24741495627 0
1787562257 32585572 24741508723 0
