1787578256 35082103 24929179292 0
1787578257 35082473 24929191379 0
1787578258 35083385 24929200723 0
1787578259 35084388 24929210859 0
1787578260 35085334 24929220995 0
1787578261 35086135 24929231616 0
1787578262 35086341 24929243877 0
1787578263 35086616 24929256043 0
1787578264 35086828 24929268214 0
1787578265 35087064 24929280156 0
1787578266 35087274 24929292256 0
1787578267 35087491 24929304327 0
1787578268 35087645 24929316560 0
1787578269 35087809 24929328709 0
1787578270 35087963 24929340860 0
1787578271 35088090 24929353127 0
1787578272 35088245 24929365559 0
1787578273 35088375 24929377758 0
1787578274 35088517 24929390620 0
1787578275 35088683 24929403861 0
1787578276 35088814 24929416081 0
1787578277 35088958 24929428422 0
1787578278 35089127 24929440622 0
1787578279 35089348 24929452833 0
1787578281 35089583 24929465015 0
1787578282 35089754 24929477104 0
1787578283 35089932 24929489337 0
1787578284 35090111 24929501648 0
1787578285 35090358 24929513657 0
1787578286 35090746 24929525915 0
1787578287 35091191 24929537903 0
1787578288 35091479 24929550440 0
1787578289 35092327 24929560365 0
1787578290 35093499 24929570630 0
1787578291 35094492 24929581058 0
1787578292 35095449 24929591096 0
1787578293 35095704 24929604376 0
1787578294 35095849 24929616989 0
1787578295 35095984 24929629279 0
1787578296 35096101 24929641530 0
1787578297 35096254 24929653820 0
1787578298 35096449 24929666138 0
1787578299 35096606 24929678309 0
1787578300 35096732 24929690693 0
1787578301 35096878 24929702987 0
1787578303 35097010 24929715236 0
1787578304 35097163 24929727421 0
1787578305 35097295 24929739767 0
1787578306 35097418 24929752151 0
1787578307 35097575 24929764352 0
1787578308 35097715 24929776714 0
1787578309 35097912 24929788795 0
1787578310 35098214 24929800945 0
1787578311 35098385 24929813347 0
1787578312 35098547 24929826014 0
1787578313 35098780 24929838251 0
1787578314 35099140 24929850834 0
1787578315 35099657 24929862890 0
1787578316 35099928 24929875017 0
1787578317 35100651 24929886155 0
1787578318 35101806 24929896407 0
1787578319 35102862 24929906417 0
1787578320 35103741 24929916244 0
