1787575015 34185461 24891689232 0
1787575016 34185913 24891701236 0
1787575017 34186852 24891711419 0
1787575018 34187944 24891721577 0
1787575019 34189004 24891731157 0
1787575020 34190192 24891741150 0
1787575021 34190502 24891753225 0
1787575022 34190770 24891765251 0
1787575024 34191092 24891777403 0
1787575025 34191406 24891789541 0
1787575026 34191729 24891801682 0
1787575027 34192057 24891813712 0
1787575028 34192360 24891825681 0
1787575029 34192583 24891837770 0
1787575030 34192707 24891850105 0
1787575031 34192833 24891862449 0
1787575032 34192955 24891874764 0
1787575033 34193072 24891886916 0
1787575034 34193354 24891898973 0
1787575035 34193660 24891910947 0
1787575036 34193988 24891922912 0
1787575037 34194342 24891935095 0
1787575038 34194672 24891946984 0
1787575039 34195076 24891958836 0
1787575040 34195479 24891970559 0
1787575041 34195815 24891982416 0
1787575042 34196133 24891994345 0
1787575043 34196479 24892006201 0
1787575044 34196996 24892017903 0
1787575045 34197677 24892029697 0
1787575046 34198157 24892041363 0
1787575047 34198971 24892052503 0
1787575048 34199937 24892062149 0
1787575049 34201004 24892071910 0
1787575050 34202161 24892082027 0
1787575051 34202823 24892093500 0
1787575052 34203106 24892105478 0
1787575053 34203420 24892117378 0
1787575054 34203737 24892129410 0
1787575055 34204069 24892141403 0
1787575056 34204401 24892153411 0
1787575058 34204708 24892165371 0
1787575059 34205041 24892177311 0
1787575060 34205366 24892189238 0
1787575061 34205679 24892201322 0
1787575062 34205986 24892213370 0
1787575063 34206280 24892225416 0
1787575064 34206603 24892237394 0
1787575065 34206927 24892249387 0
1787575066 34207245 24892261374 0
1787575067 34207584 24892273412 0
1787575068 34207940 24892285462 0
1787575069 34208454 24892297215 0
1787575070 34208799 24892309104 0
1787575071 34209154 24892321062 0
1787575072 34209518 24892332972 0
1787575073 34209941 24892344527 0
1787575074 34210519 24892356410 0
1787575075 34211188 24892368071 0
1787575076 34211612 24892379962 0
1787575077 34212072 24892391786 0
1787575078 34213053 24892403537 0
1787575079 34214251 24892413585 0
