1787576100 34500964 24904181304 0
1787576101 34501328 24904192721 0
1787576102 34501499 24904204999 0
1787576103 34501640 24904217242 0
1787576104 34501759 24904229442 0
1787576105 34501875 24904241674 0
1787576106 34502048 24904253752 0
1787576107 34502181 24904266103 0
1787576108 34502295 24904278349 0
1787576109 34502471 24904290571 0
1787576110 34502591 24904302675 0
1787576111 34502700 24904314881 0
1787576112 34502839 24904327171 0
1787576113 34502980 24904339400 0
1787576114 34503110 24904351613 0
1787576115 34503246 24904363792 0
1787576116 34503455 24904376032 0
1787576117 34503571 24904388251 0
1787576118 34503729 24904400391 0
1787576119 34503965 24904412710 0
1787576120 34504157 24904424866 0
1787576121 34504371 24904437056 0
1787576122 34504515 24904449221 0
1787576123 34504771 24904461218 0
1787576124 34505269 24904473260 0
1787576125 34505635 24904485143 0
1787576126 34506104 24904496704 0
1787576127 34507061 24904506255 0
1787576128 34508133 24904516261 0
1787576129 34509166 24904525858 0
1787576130 34509553 24904537360 0
1787576131 34509694 24904549512 0
1787576132 34509817 24904561769 0
1787576133 34509994 24904574082 0
1787576134 34510119 24904586297 0
1787576135 34510276 24904598482 0
1787576136 34510403 24904610689 0
1787576138 34510524 24904622901 0
1787576139 34510650 24904635390 0
1787576140 34510755 24904647731 0
1787576141 34510921 24904660097 0
1787576142 34511084 24904672425 0
1787576143 34511188 24904684680 0
1787576144 34511344 24904696818 0
1787576145 34511479 24904708950 0
1787576146 34511632 24904721140 0
1787576147 34511756 24904733387 0
1787576148 34511908 24904745549 0
1787576149 34512123 24904757537 0
1787576150 34512300 24904769598 0
1787576151 34512463 24904781856 0
1787576152 34512698 24904793874 0
1787576153 34513237 24904805834 0
1787576154 34513612 24904817896 0
1787576155 34514358 24904828822 0
1787576156 34515447 24904839696 0
1787576157 34516520 24904849690 0
1787576158 34517359 24904859348 0
1787576159 34517532 24904871440 0
1787576160 34517692 24904883591 0
1787576161 34517786 24904895798 0
1787576162 34517853 24904908409 0
1787576163 34517894 24904920602 0
