1787576099 34500947 24904181159 0
1787576101 34501322 24904192268 0
1787576102 34501486 24904204414 0
1787576103 34501629 24904216624 0
1787576104 34501754 24904228851 0
1787576105 34501868 24904240978 0
1787576106 34502038 24904253146 0
1787576107 34502174 24904265391 0
1787576108 34502287 24904277685 0
1787576109 34502452 24904290016 0
1787576110 34502587 24904302341 0
1787576111 34502698 24904314661 0
1787576112 34502836 24904326927 0
1787576113 34502976 24904339241 0
1787576114 34503108 24904351500 0
1787576115 34503246 24904363792 0
1787576116 34503458 24904376127 0
1787576117 34503578 24904388521 0
1787576118 34503732 24904400648 0
1787576119 34503968 24904412834 0
1787576120 34504162 24904425001 0
1787576121 34504373 24904437097 0
1787576122 34504515 24904449230 0
1787576123 34504770 24904461186 0
1787576124 34505265 24904473142 0
1787576125 34505631 24904485042 0
1787576126 34506079 24904496485 0
1787576127 34507027 24904505905 0
1787576128 34508092 24904516001 0
1787576129 34509327 24904527542 0
1787576130 34509585 24904539314 0
1787576132 34509710 24904551456 0
1787576133 34509840 24904563712 0
1787576134 34510020 24904576088 0
1787576135 34510165 24904588376 0
1787576136 34510293 24904600613 0
1787576137 34510424 24904612818 0
1787576138 34510548 24904625309 0
1787576139 34510664 24904637627 0
1787576140 34510782 24904649916 0
1787576141 34510943 24904662189 0
1787576142 34511099 24904674448 0
1787576143 34511213 24904686723 0
1787576144 34511367 24904699138 0
1787576145 34511500 24904711243 0
1787576146 34511660 24904723495 0
1787576147 34511781 24904735670 0
1787576148 34511938 24904747853 0
1787576149 34512149 24904759961 0
1787576150 34512352 24904772191 0
1787576151 34512481 24904784325 0
1787576152 34512811 24904796339 0
1787576153 34513367 24904808816 0
1787576154 34513702 24904820781 0
1787576155 34514591 24904831083 0
1787576156 34515628 24904841285 0
1787576157 34516665 24904851014 0
1787576158 34517386 24904860797 0
1787576159 34517554 24904872914 0
1787576160 34517703 24904885022 0
1787576161 34517801 24904897235 0
1787576162 34517857 24904909413 0
1787576163 34517897 24904921613 0
