1787575932 34455405 24902249728 0
1787575933 34455563 24902261856 0
1787575934 34455730 24902274235 0
1787575935 34455849 24902286426 0
1787575936 34455968 24902298669 0
1787575937 34456096 24902310963 0
1787575938 34456293 24902323133 0
1787575939 34456563 24902335369 0
1787575940 34456780 24902347442 0
1787575941 34456973 24902359610 0
1787575942 34457126 24902371755 0
1787575943 34457375 24902383733 0
1787575944 34457955 24902395759 0
1787575945 34458322 24902407797 0
1787575946 34459003 24902418961 0
1787575947 34459991 24902428998 0
1787575948 34461035 24902438896 0
1787575949 34462117 24902448735 0
1787575950 34462519 24902460118 0
1787575951 34462703 24902472289 0
1787575952 34462808 24902484513 0
1787575953 34462952 24902496660 0
1787575954 34463147 24902508908 0
1787575955 34463288 24902521343 0
1787575956 34463432 24902533608 0
1787575958 34463588 24902546713 0
1787575959 34463717 24902559219 0
1787575960 34463855 24902571414 0
1787575961 34463987 24902583655 0
1787575962 34464123 24902595890 0
1787575963 34464267 24902608105 0
1787575964 34464420 24902620274 0
1787575965 34464567 24902632419 0
1787575966 34464685 24902644548 0
1787575967 34464831 24902656773 0
1787575968 34464957 24902668962 0
1787575969 34465224 24902681099 0
1787575970 34465360 24902693238 0
1787575971 34465570 24902705373 0
1787575972 34465739 24902717530 0
1787575973 34466081 24902729508 0
1787575974 34466606 24902741516 0
1787575975 34466917 24902753668 0
1787575976 34467832 24902763273 0
1787575977 34468871 24902772921 0
1787575978 34469963 24902782844 0
1787575979 34470476 24902793977 0
1787575980 34470663 24902806044 0
1787575981 34470811 24902818264 0
1787575982 34470934 24902830571 0
1787575983 34471100 24902842742 0
1787575984 34471249 24902855075 0
1787575985 34471403 24902867573 0
1787575986 34471549 24902879832 0
1787575987 34471681 24902892152 0
1787575988 34471795 24902904567 0
1787575989 34471936 24902916770 0
1787575990 34472072 24902929218 0
1787575991 34472212 24902941417 0
1787575992 34472333 24902953576 0
1787575993 34472453 24902965929 0
1787575994 34472533 24902978185 0
1787575996 34472585 24902990420 0
