1787578634 35189548 24933540201 0
1787578635 35189751 24933552420 0
1787578636 35189878 24933565134 0
1787578637 35190011 24933577932 0
1787578638 35190220 24933590173 0
1787578639 35190453 24933602812 0
1787578640 35190770 24933614812 0
1787578641 35190984 24933627004 0
1787578642 35191220 24933639050 0
1787578643 35191541 24933650988 0
1787578644 35192084 24933662888 0
1787578645 35192610 24933674887 0
1787578646 35193036 24933686910 0
1787578648 35193823 24933696800 0
1787578649 35194784 24933705977 0
1787578650 35195832 24933716105 0
1787578651 35197113 24933727446 0
1787578652 35197460 24933739044 0
1787578653 35197690 24933751166 0
1787578654 35197866 24933763252 0
1787578655 35198054 24933775357 0
1787578656 35198277 24933787750 0
1787578657 35198473 24933799913 0
1787578658 35198698 24933812062 0
1787578659 35198897 24933824321 0
1787578660 35199080 24933836518 0
1787578661 35199285 24933848673 0
1787578662 35199463 24933861092 0
1787578663 35199706 24933873449 0
1787578664 35199889 24933885677 0
1787578665 35200095 24933897855 0
1787578666 35200305 24933910094 0
1787578667 35200486 24933922275 0
1787578668 35200708 24933934367 0
1787578669 35201080 24933946347 0
1787578670 35201292 24933958437 0
1787578672 35201552 24933970617 0
1787578673 35201786 24933982806 0
1787578674 35202050 24933994790 0
1787578675 35202455 24934006776 0
1787578676 35202948 24934018729 0
1787578677 35203475 24934030650 0
1787578678 35203823 24934043016 0
1787578679 35204632 24934054555 0
1787578680 35205699 24934065018 0
1787578681 35206757 24934075376 0
1787578682 35207881 24934085253 0
1787578683 35208272 24934097016 0
1787578684 35208472 24934109118 0
1787578685 35208709 24934122194 0
1787578686 35208908 24934134173 0
1787578687 35209098 24934146235 0
1787578688 35209311 24934158596 0
1787578689 35209508 24934170834 0
1787578690 35209723 24934183129 0
1787578691 35209926 24934195463 0
1787578693 35210128 24934208345 0
1787578694 35210319 24934220374 0
1787578695 35210516 24934232686 0
1787578696 35210749 24934244851 0
1787578697 35210952 24934257215 0
1787578698 35211153 24934269331 0
