1787578073 35028795 24927070675 0
1787578074 35029197 24927082611 0
1787578075 35029690 24927094565 0
1787578076 35030160 24927106596 0
1787578077 35030748 24927118256 0
1787578078 35031812 24927128652 0
1787578079 35032832 24927138555 0
1787578080 35033914 24927148178 0
1787578081 35034329 24927159565 0
1787578082 35034515 24927171614 0
1787578083 35034663 24927184183 0
1787578084 35034850 24927196386 0
1787578085 35035021 24927208499 0
1787578087 35035142 24927220712 0
1787578088 35035268 24927232959 0
1787578089 35035431 24927245279 0
1787578090 35035575 24927257636 0
1787578091 35035699 24927269834 0
1787578092 35035857 24927282114 0
1787578093 35035985 24927294311 0
1787578094 35036126 24927306728 0
1787578095 35036349 24927319021 0
1787578096 35036508 24927331340 0
1787578097 35036640 24927343851 0
1787578098 35036768 24927356126 0
1787578099 35036988 24927368355 0
1787578100 35037282 24927380410 0
1787578101 35037442 24927392512 0
1787578102 35037650 24927404691 0
1787578103 35037818 24927416867 0
1787578104 35038180 24927429215 0
1787578105 35038690 24927441214 0
1787578106 35039049 24927453260 0
1787578107 35039474 24927465334 0
1787578108 35040541 24927475284 0
1787578109 35041632 24927485266 0
1787578110 35042680 24927495442 0
1787578111 35043574 24927505916 0
1787578112 35043780 24927518204 0
1787578113 35043934 24927530418 0
1787578114 35044074 24927542611 0
1787578115 35044283 24927554865 0
1787578116 35044438 24927567030 0
1787578118 35044613 24927579356 0
1787578119 35044843 24927591547 0
1787578120 35045036 24927603883 0
1787578121 35045249 24927616245 0
1787578122 35045371 24927628546 0
1787578123 35045508 24927640722 0
1787578124 35045682 24927653101 0
1787578125 35045828 24927665301 0
1787578126 35046025 24927677396 0
1787578127 35046196 24927689727 0
1787578128 35046368 24927701875 0
1787578129 35046632 24927714200 0
1787578130 35046950 24927726382 0
1787578131 35047213 24927738522 0
1787578132 35047404 24927750831 0
1787578133 35047704 24927763005 0
1787578134 35048066 24927775023 0
1787578135 35048613 24927786917 0
1787578136 35048949 24927799115 0
1787578137 35049869 24927809732 0
