1787575015 34185453 24891689015 0
1787575016 34185896 24891700848 0
1787575017 34186807 24891710934 0
1787575018 34187889 24891721043 0
1787575019 34188944 24891730649 0
1787575020 34190137 24891740337 0
1787575021 34190478 24891752344 0
1787575022 34190750 24891764492 0
1787575023 34191064 24891776504 0
1787575024 34191377 24891788605 0
1787575025 34191701 24891800582 0
1787575027 34192027 24891812652 0
1787575028 34192342 24891824802 0
1787575029 34192575 24891836984 0
1787575030 34192695 24891849407 0
1787575031 34192830 24891861826 0
1787575032 34192943 24891874245 0
1787575033 34193061 24891886404 0
1787575034 34193344 24891898730 0
1787575035 34193656 24891910831 0
1787575036 34193985 24891922825 0
1787575037 34194336 24891934865 0
1787575038 34194662 24891946760 0
1787575039 34195068 24891958635 0
1787575040 34195473 24891970407 0
1787575041 34195809 24891982271 0
1787575042 34196154 24891994964 0
1787575043 34196507 24892006923 0
1787575044 34197029 24892018609 0
1787575045 34197720 24892030358 0
1787575046 34198193 24892042154 0
1787575047 34198995 24892052809 0
1787575048 34199935 24892062142 0
1787575049 34200982 24892071629 0
1787575050 34202089 24892081368 0
1787575051 34202819 24892093309 0
1787575052 34203102 24892105391 0
1787575053 34203416 24892117297 0
1787575054 34203730 24892129155 0
1787575055 34204059 24892141066 0
1787575056 34204392 24892153094 0
1787575057 34204695 24892164982 0
1787575058 34205029 24892176879 0
1787575059 34205358 24892188787 0
1787575061 34205666 24892200729 0
1787575062 34205977 24892212834 0
1787575063 34206267 24892224906 0
1787575064 34206588 24892236861 0
1787575065 34206916 24892248917 0
1787575066 34207234 24892260992 0
1787575067 34207570 24892273004 0
1787575068 34207926 24892285101 0
1787575069 34208436 24892296772 0
1787575070 34208783 24892308716 0
1787575071 34209142 24892320655 0
1787575072 34209503 24892332614 0
1787575073 34209930 24892344289 0
1787575074 34210496 24892356058 0
1787575075 34211170 24892367830 0
1787575076 34211609 24892379922 0
1787575077 34212066 24892391713 0
1787575079 34213284 24892405521 0
