1787578073 35028796 24927070761 0
1787578074 35029201 24927082698 0
1787578075 35029695 24927094708 0
1787578076 35030165 24927106749 0
1787578077 35030752 24927118305 0
1787578078 35031731 24927127900 0
1787578079 35032756 24927137787 0
1787578080 35033857 24927147612 0
1787578081 35034318 24927158893 0
1787578082 35034503 24927170955 0
1787578083 35034653 24927183391 0
1787578084 35034834 24927195718 0
1787578085 35035011 24927207868 0
1787578086 35035136 24927220143 0
1787578088 35035264 24927232516 0
1787578089 35035422 24927244847 0
1787578090 35035569 24927257157 0
1787578091 35035695 24927269348 0
1787578092 35035853 24927281466 0
1787578093 35035975 24927293739 0
1787578094 35036115 24927306040 0
1787578095 35036334 24927318312 0
1787578096 35036497 24927330666 0
1787578097 35036622 24927342903 0
1787578098 35036759 24927355222 0
1787578099 35036972 24927367403 0
1787578100 35037261 24927379558 0
1787578101 35037426 24927391681 0
1787578102 35037642 24927403890 0
1787578103 35037802 24927416037 0
1787578104 35038133 24927428021 0
1787578105 35038628 24927440022 0
1787578106 35039018 24927452049 0
1787578107 35039389 24927464122 0
1787578108 35040429 24927474412 0
1787578109 35041508 24927484306 0
1787578110 35042532 24927493983 0
1787578111 35043471 24927503737 0
1787578112 35043735 24927515632 0
1787578113 35043884 24927527771 0
1787578114 35044042 24927540111 0
1787578115 35044245 24927552235 0
1787578116 35044395 24927564362 0
1787578117 35044566 24927576975 0
1787578118 35044793 24927589349 0
1787578119 35044990 24927601656 0
1787578120 35045200 24927613770 0
1787578121 35045342 24927625914 0
1787578123 35045468 24927638154 0
1787578124 35045662 24927651804 0
1787578125 35045812 24927664028 0
1787578126 35046002 24927676229 0
1787578127 35046176 24927688399 0
1787578128 35046351 24927700820 0
1787578129 35046587 24927712930 0
1787578130 35046929 24927725493 0
1787578131 35047202 24927737651 0
1787578132 35047380 24927749868 0
1787578133 35047657 24927761937 0
1787578134 35048021 24927773966 0
1787578135 35048568 24927785979 0
1787578136 35048900 24927797884 0
1787578137 35049757 24927808496 0
