1787570338 33121511 24837881129 0
1787570339 33121754 24837892638 0
1787570340 33122024 24837904219 0
1787570342 33122325 24837915613 0
1787570343 33122629 24837927017 0
1787570344 33122902 24837938475 0
1787570345 33123162 24837949901 0
1787570346 33123461 24837961348 0
1787570347 33123782 24837973191 0
1787570348 33124048 24837984646 0
1787570349 33124360 24837995991 0
1787570350 33124730 24838007727 0
1787570351 33125003 24838019180 0
1787570352 33125314 24838030753 0
1787570353 33125631 24838042252 0
1787570354 33125968 24838054632 0
1787570355 33126267 24838066003 0
1787570356 33126551 24838077555 0
1787570357 33126833 24838089163 0
1787570358 33127105 24838100834 0
1787570359 33127357 24838112628 0
1787570360 33127654 24838124359 0
1787570361 33127912 24838135955 0
1787570362 33128176 24838148111 0
1787570363 33128422 24838160003 0
1787570364 33128684 24838171904 0
1787570365 33128909 24838183958 0
1787570366 33129132 24838195951 0
1787570367 33129376 24838208004 0
1787570368 33129656 24838220047 0
1787570369 33129927 24838232166 0
1787570370 33130144 24838244075 0
1787570371 33130420 24838255836 0
