1787578634 35189552 24933540334 0
1787578635 35189752 24933552576 0
1787578636 35189873 24933564859 0
1787578637 35189997 24933577045 0
1787578638 35190204 24933589287 0
1787578639 35190400 24933601580 0
1787578640 35190749 24933613729 0
1787578641 35190960 24933625772 0
1787578642 35191202 24933637914 0
1787578643 35191513 24933649934 0
1787578644 35192039 24933661781 0
1787578645 35192554 24933673739 0
1787578646 35192990 24933685673 0
1787578648 35193751 24933696079 0
1787578649 35194815 24933706261 0
1787578650 35195824 24933716024 0
1787578651 35196988 24933726113 0
1787578652 35197441 24933737936 0
1787578653 35197669 24933750136 0
1787578654 35197852 24933762229 0
1787578655 35198042 24933774514 0
1787578656 35198249 24933786582 0
1787578657 35198456 24933798845 0
1787578658 35198680 24933811061 0
1787578659 35198880 24933823359 0
1787578660 35199059 24933835516 0
1787578661 35199252 24933847645 0
1787578662 35199443 24933859765 0
1787578663 35199674 24933872231 0
1787578664 35199864 24933884448 0
1787578665 35200067 24933896597 0
1787578666 35200278 24933908784 0
1787578667 35200472 24933921095 0
1787578668 35200687 24933933232 0
1787578669 35201055 24933945222 0
1787578670 35201272 24933957607 0
1787578671 35201539 24933969895 0
1787578672 35201772 24933982091 0
1787578674 35202034 24933994187 0
1787578675 35202434 24934006120 0
1787578676 35202916 24934018161 0
1787578677 35203462 24934030143 0
1787578678 35203794 24934042122 0
1787578679 35204503 24934053144 0
1787578680 35205469 24934063085 0
1787578681 35206524 24934073245 0
1787578682 35207757 24934084051 0
1787578683 35208241 24934095213 0
1787578684 35208429 24934107253 0
1787578685 35208655 24934119355 0
1787578686 35208875 24934131383 0
1787578687 35209054 24934143462 0
1787578688 35209261 24934155688 0
1787578689 35209459 24934168074 0
1787578690 35209665 24934180191 0
1787578691 35209868 24934192465 0
1787578692 35210076 24934204552 0
1787578693 35210259 24934216716 0
1787578694 35210467 24934228978 0
1787578695 35210659 24934241111 0
1787578696 35210884 24934253212 0
1787578697 35211094 24934265515 0
1787578698 35211307 24934277807 0
