1787578256 35082103 24929179292 0
1787578257 35082473 24929191380 0
1787578258 35083372 24929200602 0
1787578259 35084362 24929210600 0
1787578260 35085311 24929220614 0
1787578261 35086102 24929230898 0
1787578262 35086335 24929242943 0
1787578263 35086603 24929255715 0
1787578264 35086827 24929267960 0
1787578265 35087063 24929279922 0
1787578266 35087272 24929292055 0
1787578267 35087488 24929304196 0
1787578268 35087644 24929316414 0
1787578269 35087808 24929328676 0
1787578270 35087962 24929340825 0
1787578271 35088091 24929353249 0
1787578272 35088247 24929365630 0
1787578273 35088379 24929377984 0
1787578274 35088511 24929390246 0
1787578275 35088662 24929402537 0
1787578276 35088801 24929414724 0
1787578277 35088946 24929426999 0
1787578278 35089093 24929439092 0
1787578279 35089309 24929451239 0
1787578280 35089567 24929463328 0
1787578281 35089730 24929475551 0
1787578282 35089917 24929487759 0
1787578283 35090073 24929500047 0
1787578285 35090312 24929512084 0
1787578286 35090664 24929524172 0
1787578287 35091138 24929536309 0
1787578288 35091436 24929548893 0
1787578289 35092190 24929558920 0
1787578290 35093313 24929569257 0
1787578291 35094268 24929578920 0
1787578292 35095300 24929589368 0
1787578293 35095656 24929601208 0
1787578294 35095818 24929613545 0
1787578295 35095939 24929625890 0
1787578296 35096059 24929638148 0
1787578297 35096197 24929650430 0
1787578298 35096382 24929662649 0
1787578299 35096573 24929674806 0
1787578300 35096681 24929687013 0
1787578301 35096829 24929699579 0
1787578302 35096948 24929711796 0
1787578303 35097105 24929724031 0
1787578304 35097255 24929736230 0
1787578305 35097378 24929748545 0
1787578306 35097523 24929760726 0
1787578307 35097654 24929772972 0
1787578308 35097817 24929785181 0
1787578309 35098182 24929797217 0
1787578310 35098314 24929809515 0
1787578311 35098502 24929821674 0
1787578313 35098705 24929833999 0
1787578314 35098986 24929845639 0
1787578315 35099429 24929857733 0
1787578316 35099803 24929869821 0
1787578317 35100188 24929881675 0
1787578318 35101177 24929891186 0
1787578319 35102482 24929902567 0
1787578320 35103554 24929913218 0
