1787576100 34500959 24904181253 0
1787576101 34501335 24904193138 0
1787576102 34501501 24904205209 0
1787576103 34501644 24904217399 0
1787576104 34501767 24904229808 0
1787576105 34501879 24904242051 0
1787576106 34502055 24904254092 0
1787576107 34502188 24904266739 0
1787576108 34502316 24904279188 0
1787576109 34502484 24904291356 0
1787576110 34502607 24904303722 0
1787576111 34502717 24904315903 0
1787576112 34502849 24904328075 0
1787576113 34502991 24904340794 0
1787576114 34503123 24904352982 0
1787576115 34503271 24904365202 0
1787576116 34503478 24904377479 0
1787576117 34503597 24904389681 0
1787576118 34503755 24904402048 0
1787576119 34504002 24904414350 0
1787576120 34504189 24904426531 0
1787576121 34504391 24904438767 0
1787576122 34504551 24904450944 0
1787576123 34504854 24904462889 0
1787576124 34505340 24904475018 0
1787576125 34505672 24904487043 0
1787576126 34506262 24904498293 0
1787576127 34507261 24904508354 0
1787576129 34508395 24904518293 0
1787576130 34509462 24904529563 0
1787576131 34509616 24904541734 0
1787576132 34509737 24904553834 0
1787576133 34509866 24904565982 0
1787576134 34510043 24904578112 0
1787576135 34510185 24904590477 0
1787576136 34510314 24904602765 0
1787576137 34510455 24904614957 0
1787576138 34510577 24904627315 0
1787576139 34510676 24904639584 0
1787576140 34510825 24904651938 0
1787576141 34510984 24904664150 0
1787576142 34511122 24904676395 0
1787576143 34511222 24904688479 0
1787576144 34511386 24904700734 0
1787576145 34511527 24904713044 0
1787576146 34511673 24904725224 0
1787576147 34511799 24904737341 0
1787576148 34511965 24904749410 0
1787576149 34512179 24904761465 0
1787576150 34512372 24904773554 0
1787576151 34512509 24904785824 0
1787576152 34512892 24904797910 0
1787576153 34513424 24904809905 0
1787576154 34513731 24904821964 0
1787576155 34514657 24904831827 0
1787576156 34515695 24904841878 0
1787576157 34516735 24904851695 0
1787576158 34517398 24904861563 0
1787576159 34517565 24904873671 0
1787576160 34517707 24904885787 0
1787576161 34517809 24904897927 0
1787576162 34517860 24904910214 0
1787576163 34517901 24904922416 0
