1787575345 34311910 24895436495 0
1787575347 34312834 24895446419 0
1787575348 34313771 24895456088 0
1787575349 34314684 24895467108 0
1787575350 34314796 24895479284 0
1787575351 34314914 24895491403 0
1787575352 34315031 24895503548 0
1787575353 34315163 24895515692 0
1787575354 34315278 24895527782 0
1787575355 34315391 24895539918 0
1787575356 34315508 24895552140 0
1787575357 34315619 24895564323 0
1787575358 34315735 24895576472 0
1787575359 34315858 24895588663 0
1787575360 34315968 24895600805 0
1787575361 34316082 24895612979 0
1787575362 34316205 24895625195 0
1787575363 34316303 24895637399 0
1787575364 34316409 24895649559 0
1787575365 34316497 24895661698 0
1787575366 34316611 24895673845 0
1787575367 34316720 24895686294 0
1787575368 34316860 24895698643 0
1787575369 34317081 24895710723 0
1787575370 34317208 24895722909 0
1787575371 34317324 24895735059 0
1787575372 34317598 24895747021 0
1787575373 34318028 24895759033 0
1787575374 34318340 24895771043 0
1787575375 34318878 24895782681 0
1787575376 34319825 24895793019 0
1787575377 34320756 24895802872 0
1787575378 34321717 24895812115 0
1787575379 34322308 24895822944 0
1787575380 34322431 24895835106 0
1787575381 34322547 24895847312 0
1787575382 34322647 24895859739 0
1787575383 34322766 24895871881 0
1787575384 34322885 24895884063 0
1787575385 34323020 24895896237 0
1787575387 34323138 24895908393 0
1787575388 34323241 24895920600 0
1787575389 34323359 24895932894 0
1787575390 34323492 24895945321 0
1787575391 34323616 24895957531 0
1787575392 34323727 24895969718 0
1787575393 34323860 24895982059 0
1787575394 34323971 24895994316 0
1787575395 34324096 24896006536 0
1787575396 34324214 24896018880 0
1787575397 34324399 24896031138 0
1787575398 34324548 24896043421 0
1787575399 34324802 24896055620 0
1787575400 34325117 24896067828 0
1787575401 34325300 24896079881 0
1787575402 34325467 24896092277 0
1787575403 34325604 24896104531 0
1787575404 34325837 24896116649 0
1787575405 34326256 24896128884 0
1787575406 34326644 24896140859 0
1787575407 34326809 24896152941 0
1787575408 34327469 24896163654 0
1787575409 34328407 24896174162 0
