1787575262 34293716 24894463709 0
1787575263 34293845 24894475731 0
1787575264 34293965 24894488184 0
1787575265 34294070 24894500517 0
1787575266 34294185 24894512892 0
1787575267 34294311 24894525124 0
1787575268 34294432 24894537366 0
1787575269 34294557 24894549732 0
1787575270 34294679 24894561991 0
1787575271 34294777 24894574287 0
1787575272 34294867 24894586572 0
1787575273 34294964 24894598759 0
1787575274 34295087 24894611094 0
1787575276 34295195 24894623412 0
1787575277 34295283 24894635731 0
1787575278 34295402 24894648012 0
1787575279 34295558 24894660271 0
1787575280 34295777 24894672414 0
1787575281 34295920 24894684586 0
1787575282 34296067 24894696749 0
1787575283 34296233 24894708946 0
1787575284 34296448 24894720988 0
1787575285 34296753 24894733153 0
1787575286 34297168 24894745291 0
1787575287 34297465 24894757305 0
1787575288 34297736 24894769544 0
1787575289 34298521 24894779658 0
1787575290 34299351 24894789337 0
1787575291 34300367 24894799775 0
1787575292 34301430 24894809437 0
1787575293 34301589 24894821684 0
1787575294 34301699 24894833849 0
1787575295 34301816 24894846123 0
1787575296 34301934 24894858585 0
1787575297 34302043 24894870970 0
1787575298 34302172 24894883400 0
1787575299 34302294 24894895648 0
1787575300 34302436 24894908130 0
1787575301 34302548 24894920366 0
1787575302 34302656 24894932733 0
1787575303 34302792 24894945070 0
1787575304 34302908 24894957443 0
1787575305 34303032 24894969883 0
1787575306 34303176 24894982297 0
1787575308 34303313 24894994693 0
1787575309 34303535 24895006976 0
1787575310 34303765 24895019181 0
1787575311 34304037 24895031311 0
1787575312 34304220 24895043701 0
1787575313 34304401 24895056089 0
1787575314 34304552 24895068268 0
1787575315 34304758 24895080557 0
1787575316 34305155 24895092572 0
1787575317 34305564 24895104639 0
1787575318 34305773 24895116630 0
1787575319 34306440 24895127760 0
1787575320 34307461 24895138538 0
1787575321 34308474 24895148449 0
1787575322 34309410 24895158283 0
1787575323 34309521 24895170565 0
1787575324 34309566 24895182725 0
1787575325 34309611 24895194900 0
1787575326 34309656 24895207086 0
