1787575015 34185461 24891689214 0
1787575016 34185908 24891701115 0
1787575017 34186850 24891711389 0
1787575018 34187910 24891721199 0
1787575019 34189040 24891731558 0
1787575020 34190192 24891741149 0
1787575021 34190498 24891753111 0
1787575022 34190768 24891765193 0
1787575024 34191094 24891777472 0
1787575025 34191404 24891789502 0
1787575026 34191724 24891801457 0
1787575027 34192054 24891813535 0
1787575028 34192360 24891825620 0
1787575029 34192584 24891837797 0
1787575030 34192709 24891850304 0
1787575031 34192836 24891862631 0
1787575032 34192957 24891874985 0
1787575033 34193074 24891887173 0
1787575034 34193363 24891899290 0
1787575035 34193668 24891911176 0
1787575036 34193997 24891923170 0
1787575037 34194352 24891935383 0
1787575038 34194681 24891947310 0
1787575039 34195084 24891959224 0
1787575040 34195503 24891971194 0
1787575041 34195835 24891983054 0
1787575042 34196163 24891995210 0
1787575043 34196511 24892007044 0
1787575044 34197039 24892018775 0
1787575045 34197737 24892030628 0
1787575046 34198200 24892042396 0
1787575047 34199023 24892053005 0
1787575048 34200050 24892063276 0
1787575049 34201084 24892072715 0
1787575050 34202180 24892082169 0
1787575051 34202833 24892093725 0
1787575052 34203121 24892105964 0
1787575053 34203438 24892118046 0
1787575054 34203760 24892130068 0
1787575056 34204088 24892142127 0
1787575057 34204412 24892154046 0
1787575058 34204723 24892165975 0
1787575059 34205060 24892177950 0
1787575060 34205386 24892189882 0
1787575061 34205694 24892201819 0
1787575062 34205995 24892213807 0
1787575063 34206289 24892225884 0
1787575064 34206619 24892237969 0
1787575065 34206944 24892250010 0
1787575066 34207267 24892262050 0
1787575067 34207608 24892274174 0
1787575068 34207968 24892286200 0
1787575069 34208480 24892297977 0
1787575070 34208822 24892309896 0
1787575071 34209177 24892321880 0
1787575072 34209558 24892333842 0
1787575073 34209988 24892345525 0
1787575074 34210577 24892357284 0
1787575075 34211243 24892369037 0
1787575076 34211648 24892380803 0
1787575077 34212145 24892392488 0
1787575078 34213051 24892403523 0
1787575079 34214228 24892413428 0
