1787578256 35082105 24929179352 0
1787578257 35082467 24929191264 0
1787578258 35083388 24929200748 0
1787578259 35084410 24929211170 0
1787578260 35085334 24929220992 0
1787578261 35086138 24929231658 0
1787578262 35086341 24929243859 0
1787578263 35086619 24929256179 0
1787578264 35086830 24929268391 0
1787578265 35087067 24929280338 0
1787578266 35087275 24929292442 0
1787578267 35087498 24929304565 0
1787578268 35087648 24929316713 0
1787578269 35087814 24929329048 0
1787578270 35087968 24929341153 0
1787578271 35088096 24929353512 0
1787578272 35088248 24929365682 0
1787578273 35088377 24929377838 0
1787578274 35088509 24929390140 0
1787578275 35088662 24929402581 0
1787578276 35088801 24929414809 0
1787578277 35088947 24929427032 0
1787578278 35089095 24929439165 0
1787578279 35089313 24929451360 0
1787578280 35089569 24929463649 0
1787578281 35089736 24929475880 0
1787578282 35089922 24929488089 0
1787578283 35090076 24929500267 0
1787578285 35090317 24929512299 0
1787578286 35090671 24929524298 0
1787578287 35091139 24929536331 0
1787578288 35091412 24929548407 0
1787578289 35092162 24929558626 0
1787578290 35093260 24929568744 0
1787578291 35094244 24929578677 0
1787578292 35095231 24929588594 0
1787578293 35095634 24929599763 0
1787578294 35095802 24929612119 0
1787578295 35095927 24929624566 0
1787578296 35096047 24929636745 0
1787578297 35096178 24929649081 0
1787578298 35096368 24929661668 0
1787578299 35096564 24929673801 0
1787578300 35096677 24929686716 0
1787578301 35096831 24929699663 0
1787578302 35096949 24929711881 0
1787578303 35097107 24929724084 0
1787578304 35097255 24929736207 0
1787578305 35097375 24929748435 0
1787578306 35097522 24929760636 0
1787578307 35097651 24929772868 0
1787578308 35097827 24929785578 0
1787578309 35098188 24929797702 0
1787578310 35098325 24929809981 0
1787578312 35098505 24929822073 0
1787578313 35098713 24929834370 0
1787578314 35099005 24929846068 0
1787578315 35099459 24929858335 0
1787578316 35099837 24929871521 0
1787578317 35100384 24929883100 0
1787578318 35101351 24929892726 0
1787578319 35102478 24929902536 0
1787578320 35103511 24929912810 0
