1787578634 35189548 24933540172 0
1787578635 35189752 24933552513 0
1787578636 35189873 24933564861 0
1787578637 35189998 24933577088 0
1787578638 35190204 24933589295 0
1787578639 35190402 24933601612 0
1787578640 35190749 24933613714 0
1787578641 35190963 24933625851 0
1787578642 35191203 24933637973 0
1787578643 35191514 24933649997 0
1787578644 35192062 24933662147 0
1787578645 35192575 24933674085 0
1787578646 35193005 24933686160 0
1787578647 35193772 24933696297 0
1787578649 35194704 24933705315 0
1787578650 35195737 24933715242 0
1787578651 35196869 24933725110 0
1787578652 35197411 24933735643 0
1787578653 35197624 24933747806 0
1787578654 35197819 24933759893 0
1787578655 35198002 24933772134 0
1787578656 35198210 24933784279 0
1787578657 35198415 24933796449 0
1787578658 35198642 24933808621 0
1787578659 35198846 24933820916 0
1787578660 35199022 24933833240 0
1787578661 35199218 24933845562 0
1787578662 35199420 24933857772 0
1787578663 35199646 24933870021 0
1787578664 35199829 24933882366 0
1787578665 35200039 24933894582 0
1787578666 35200244 24933906807 0
1787578667 35200453 24933919152 0
1787578668 35200657 24933931327 0
1787578669 35200958 24933943347 0
1787578670 35201234 24933955376 0
1787578671 35201482 24933967531 0
1787578672 35201699 24933979632 0
1787578673 35201971 24933991716 0
1787578674 35202344 24934003620 0
1787578675 35202780 24934015741 0
1787578676 35203385 24934027702 0
1787578677 35203708 24934039716 0
1787578678 35204336 24934051072 0
1787578679 35205228 24934060511 0
1787578681 35206233 24934070264 0
1787578682 35207308 24934080184 0
1787578683 35208156 24934090685 0
1787578684 35208355 24934102801 0
1787578685 35208593 24934114934 0
1787578686 35208794 24934126981 0
1787578687 35208989 24934139196 0
1787578688 35209189 24934151457 0
1787578689 35209382 24934163681 0
1787578690 35209578 24934175819 0
1787578691 35209795 24934188044 0
1787578692 35210003 24934200207 0
1787578693 35210192 24934212445 0
1787578694 35210402 24934224587 0
1787578695 35210592 24934236838 0
1787578696 35210823 24934249020 0
1787578697 35211035 24934261247 0
1787578698 35211217 24934273582 0
