1787575262 34293716 24894463714 0
1787575263 34293851 24894476022 0
1787575264 34293969 24894488439 0
1787575265 34294075 24894500723 0
1787575266 34294189 24894513042 0
1787575267 34294315 24894525432 0
1787575268 34294438 24894537777 0
1787575269 34294564 24894550137 0
1787575270 34294684 24894562422 0
1787575271 34294783 24894574678 0
1787575272 34294872 24894586872 0
1787575273 34294969 24894599100 0
1787575275 34295093 24894611358 0
1787575276 34295198 24894623572 0
1787575277 34295285 24894635832 0
1787575278 34295405 24894648209 0
1787575279 34295568 24894660417 0
1787575280 34295781 24894672603 0
1787575281 34295926 24894684853 0
1787575282 34296074 24894697106 0
1787575283 34296243 24894709291 0
1787575284 34296467 24894721455 0
1787575285 34296770 24894733721 0
1787575286 34297188 24894745913 0
1787575287 34297476 24894757902 0
1787575288 34297748 24894769965 0
1787575289 34298555 24894780262 0
1787575290 34299403 24894789872 0
1787575291 34300419 24894800146 0
1787575292 34301452 24894809796 0
1787575293 34301592 24894821837 0
1787575294 34301704 24894834011 0
1787575295 34301816 24894846164 0
1787575296 34301932 24894858536 0
1787575297 34302042 24894870949 0
1787575298 34302171 24894883304 0
1787575299 34302294 24894895649 0
1787575300 34302434 24894907974 0
1787575301 34302547 24894920307 0
1787575302 34302652 24894932541 0
1787575303 34302787 24894944756 0
1787575304 34302905 24894957146 0
1787575305 34303027 24894969525 0
1787575306 34303168 24894981908 0
1787575307 34303306 24894994163 0
1787575309 34303528 24895006552 0
1787575310 34303759 24895018822 0
1787575311 34304036 24895031253 0
1787575312 34304217 24895043536 0
1787575313 34304398 24895055953 0
1787575314 34304549 24895068180 0
1787575315 34304753 24895080376 0
1787575316 34305153 24895092525 0
1787575317 34305565 24895104663 0
1787575318 34305772 24895116609 0
1787575319 34306430 24895127660 0
1787575320 34307503 24895138803 0
1787575321 34308474 24895148449 0
1787575322 34309390 24895157950 0
1787575323 34309520 24895170476 0
1787575324 34309568 24895182795 0
1787575325 34309614 24895195063 0
1787575326 34309658 24895207185 0
