1787568544 32962238 24816720862 0
1787568545 32962417 24816733213 0
1787568546 32962594 24816745591 0
1787568547 32962763 24816757806 0
1787568548 32962998 24816770123 0
1787568549 32963227 24816782945 0
1787568550 32963467 24816796215 0
1787568551 32963702 24816808458 0
1787568552 32963911 24816820743 0
1787568553 32964072 24816833073 0
1787568554 32964251 24816845567 0
1787568555 32964418 24816858013 0
1787568556 32964573 24816870245 0
1787568557 32964730 24816882449 0
1787568558 32964938 24816894713 0
1787568559 32965163 24816907086 0
1787568560 32965364 24816920178 0
1787568561 32965547 24816932428 0
1787568562 32965750 24816944701 0
1787568563 32965983 24816956992 0
1787568565 32966195 24816969110 0
1787568566 32966420 24816981303 0
1787568567 32966618 24816993585 0
1787568568 32966780 24817006150 0
1787568569 32966972 24817018338 0
1787568570 32967128 24817030782 0
1787568571 32967342 24817042931 0
1787568572 32967526 24817054988 0
1787568573 32967729 24817067145 0
1787568574 32967944 24817079453 0
1787568575 32968155 24817091799 0
1787568576 32968357 24817103936 0
1787568577 32968565 24817116072 0
1787568578 32968773 24817128212 0
1787568579 32968972 24817140363 0
1787568580 32969186 24817152673 0
1787568581 32969391 24817164974 0
1787568582 32969564 24817177314 0
1787568583 32969771 24817189605 0
1787568584 32969948 24817201893 0
1787568585 32970140 24817214143 0
1787568586 32970339 24817226367 0
1787568587 32970535 24817238566 0
1787568588 32970728 24817250780 0
1787568589 32970930 24817262991 0
1787568590 32971129 24817275446 0
1787568591 32971318 24817287762 0
1787568593 32971505 24817299879 0
1787568594 32971703 24817312043 0
1787568595 32971911 24817324243 0
1787568596 32972043 24817336448 0
1787568597 32972271 24817348796 0
1787568598 32972432 24817360902 0
1787568599 32972643 24817373237 0
1787568600 32972912 24817385492 0
1787568601 32973123 24817397640 0
1787568602 32973295 24817409945 0
1787568603 32973471 24817422164 0
1787568604 32973712 24817434415 0
1787568605 32973920 24817446695 0
1787568606 32974023 24817458999 0
1787568607 32974136 24817471315 0
1787568608 32974209 24817483735 0
