1787575345 34311915 24895436546 0
1787575347 34312845 24895446522 0
1787575348 34313772 24895456090 0
1787575349 34314673 24895466144 0
1787575350 34314784 24895478304 0
1787575351 34314900 24895490429 0
1787575352 34315012 24895502563 0
1787575353 34315146 24895514744 0
1787575354 34315269 24895526949 0
1787575355 34315384 24895539081 0
1787575356 34315497 24895551615 0
1787575357 34315610 24895563731 0
1787575358 34315728 24895575883 0
1787575359 34315854 24895588133 0
1787575360 34315964 24895600317 0
1787575361 34316076 24895612537 0
1787575362 34316199 24895624710 0
1787575363 34316296 24895636849 0
1787575364 34316402 24895649064 0
1787575365 34316493 24895661270 0
1787575366 34316607 24895673559 0
1787575367 34316708 24895685750 0
1787575368 34316845 24895697908 0
1787575369 34317078 24895709996 0
1787575370 34317196 24895722114 0
1787575371 34317315 24895734229 0
1787575372 34317570 24895746295 0
1787575373 34317999 24895758359 0
1787575374 34318328 24895770419 0
1787575375 34318816 24895782040 0
1787575376 34319733 24895792026 0
1787575377 34320707 24895802286 0
1787575378 34321654 24895811376 0
1787575379 34322307 24895822702 0
1787575380 34322425 24895834814 0
1787575381 34322543 24895846977 0
1787575382 34322644 24895859317 0
1787575383 34322760 24895871590 0
1787575384 34322881 24895883797 0
1787575385 34323018 24895896077 0
1787575387 34323139 24895908418 0
1787575388 34323243 24895920733 0
1787575389 34323362 24895933051 0
1787575390 34323494 24895945370 0
1787575391 34323620 24895957667 0
1787575392 34323732 24895969887 0
1787575393 34323867 24895982546 0
1787575394 34323982 24895994908 0
1787575395 34324105 24896007085 0
1787575396 34324225 24896019332 0
1787575397 34324414 24896031660 0
1787575398 34324560 24896043894 0
1787575399 34324814 24896056190 0
1787575400 34325161 24896068168 0
1787575401 34325315 24896080310 0
1787575402 34325475 24896092737 0
1787575403 34325610 24896104931 0
1787575404 34325856 24896116956 0
1787575405 34326268 24896129241 0
1787575406 34326650 24896141308 0
1787575407 34326822 24896153449 0
1787575408 34327471 24896163695 0
1787575409 34328407 24896174163 0
