1787578073 35028796 24927070777 0
1787578074 35029206 24927082803 0
1787578075 35029739 24927095406 0
1787578076 35030178 24927107341 0
1787578077 35030846 24927119234 0
1787578078 35031826 24927128776 0
1787578079 35032839 24927138609 0
1787578080 35033929 24927148393 0
1787578081 35034333 24927159689 0
1787578082 35034518 24927171746 0
1787578083 35034663 24927184169 0
1787578084 35034852 24927196481 0
1787578085 35035023 24927208646 0
1787578087 35035143 24927220784 0
1787578088 35035273 24927233108 0
1787578089 35035431 24927245288 0
1787578090 35035576 24927257658 0
1787578091 35035702 24927269977 0
1787578092 35035864 24927282449 0
1787578093 35035989 24927294907 0
1787578094 35036134 24927307184 0
1787578095 35036355 24927319374 0
1787578096 35036515 24927331648 0
1787578097 35036641 24927343880 0
1787578098 35036769 24927356147 0
1787578099 35036988 24927368355 0
1787578100 35037282 24927380408 0
1787578101 35037444 24927392547 0
1787578102 35037651 24927404726 0
1787578103 35037820 24927416888 0
1787578104 35038175 24927429110 0
1787578105 35038692 24927441269 0
1787578106 35039052 24927453429 0
1787578107 35039482 24927465406 0
1787578108 35040562 24927475488 0
1787578109 35041640 24927485328 0
1787578110 35042710 24927495790 0
1787578111 35043570 24927505840 0
1787578112 35043776 24927517983 0
1787578113 35043931 24927530259 0
1787578114 35044072 24927542572 0
1787578115 35044279 24927554662 0
1787578116 35044438 24927566976 0
1787578118 35044607 24927579178 0
1787578119 35044836 24927591347 0
1787578120 35045025 24927603493 0
1787578121 35045231 24927615554 0
1787578122 35045359 24927627736 0
1787578123 35045493 24927640036 0
1787578124 35045669 24927652215 0
1787578125 35045819 24927664408 0
1787578126 35046011 24927676687 0
1787578127 35046181 24927688917 0
1787578128 35046356 24927701123 0
1787578129 35046604 24927713457 0
1787578130 35046929 24927725515 0
1787578131 35047204 24927737701 0
1787578132 35047382 24927749999 0
1787578133 35047659 24927761974 0
1787578134 35048022 24927773996 0
1787578135 35048572 24927786071 0
1787578136 35048908 24927798043 0
1787578137 35049776 24927808657 0
