1787575932 34455406 24902249752 0
1787575933 34455564 24902261880 0
1787575934 34455727 24902274094 0
1787575935 34455847 24902286361 0
1787575936 34455968 24902298673 0
1787575937 34456092 24902310832 0
1787575938 34456293 24902323141 0
1787575939 34456563 24902335363 0
1787575940 34456784 24902347593 0
1787575941 34456979 24902359789 0
1787575942 34457130 24902372004 0
1787575943 34457388 24902383948 0
1787575944 34457966 24902395920 0
1787575945 34458334 24902408030 0
1787575946 34459025 24902419139 0
1787575947 34460100 24902430029 0
1787575948 34461151 24902440045 0
1787575949 34462239 24902449923 0
1787575950 34462541 24902461604 0
1787575951 34462716 24902473911 0
1787575952 34462824 24902486082 0
1787575953 34462989 24902498283 0
1787575955 34463172 24902511274 0
1787575956 34463314 24902523449 0
1787575957 34463458 24902535670 0
1787575958 34463605 24902547875 0
1787575959 34463737 24902560215 0
1787575960 34463867 24902572420 0
1787575961 34464005 24902584704 0
1787575962 34464134 24902596899 0
1787575963 34464284 24902609169 0
1787575964 34464433 24902621429 0
1787575965 34464575 24902633618 0
1787575966 34464697 24902645847 0
1787575967 34464842 24902658058 0
1787575968 34464980 24902670238 0
1787575969 34465236 24902682384 0
1787575970 34465382 24902694491 0
1787575971 34465584 24902706689 0
1787575972 34465770 24902718861 0
1787575973 34466121 24902730717 0
1787575974 34466648 24902742667 0
1787575975 34466974 24902754592 0
1787575976 34467902 24902764122 0
1787575977 34468996 24902774126 0
1787575978 34470110 24902784006 0
1787575979 34470494 24902795507 0
1787575980 34470688 24902807616 0
1787575981 34470827 24902819737 0
1787575982 34470945 24902831925 0
1787575983 34471131 24902844068 0
1787575984 34471289 24902857204 0
1787575985 34471434 24902869536 0
1787575986 34471580 24902882107 0
1787575987 34471702 24902894455 0
1787575989 34471813 24902906732 0
1787575990 34471972 24902919029 0
1787575991 34472089 24902931312 0
1787575992 34472235 24902943792 0
1787575993 34472356 24902955946 0
1787575994 34472474 24902968157 0
1787575995 34472548 24902980693 0
1787575996 34472592 24902992914 0
