1787575262 34293717 24894463774 0
1787575263 34293856 24894476192 0
1787575264 34293972 24894488580 0
1787575265 34294079 24894501043 0
1787575266 34294194 24894513256 0
1787575267 34294318 24894525622 0
1787575268 34294439 24894537877 0
1787575269 34294564 24894550152 0
1787575270 34294684 24894562453 0
1787575271 34294782 24894574646 0
1787575272 34294870 24894586827 0
1787575273 34294969 24894599067 0
1787575275 34295093 24894611319 0
1787575276 34295196 24894623472 0
1787575277 34295285 24894635837 0
1787575278 34295405 24894648224 0
1787575279 34295563 24894660332 0
1787575280 34295784 24894672675 0
1787575281 34295927 24894684930 0
1787575282 34296078 24894697277 0
1787575283 34296251 24894709687 0
1787575284 34296478 24894721804 0
1787575285 34296774 24894733819 0
1787575286 34297189 24894745945 0
1787575287 34297480 24894758130 0
1787575288 34297755 24894770231 0
1787575289 34298567 24894780433 0
1787575290 34299417 24894790021 0
1787575291 34300479 24894800518 0
1787575292 34301462 24894810003 0
1787575293 34301596 24894822134 0
1787575294 34301707 24894834328 0
1787575295 34301825 24894846704 0
1787575296 34301948 24894859159 0
1787575297 34302049 24894871507 0
1787575298 34302184 24894883885 0
1787575299 34302305 24894896165 0
1787575300 34302439 24894908426 0
1787575301 34302558 24894920795 0
1787575302 34302664 24894933214 0
1787575303 34302795 24894945534 0
1787575304 34302913 24894957861 0
1787575305 34303038 24894970264 0
1787575307 34303182 24894982731 0
1787575308 34303321 24894995032 0
1787575309 34303540 24895007395 0
1787575310 34303773 24895019707 0
1787575311 34304044 24895031859 0
1787575312 34304235 24895044255 0
1787575313 34304406 24895056570 0
1787575314 34304569 24895068794 0
1787575315 34304768 24895080918 0
1787575316 34305174 24895092992 0
1787575317 34305573 24895105022 0
1787575318 34305782 24895117113 0
1787575319 34306473 24895128127 0
1787575320 34307514 24895138874 0
1787575321 34308499 24895148617 0
1787575322 34309426 24895158586 0
1787575323 34309525 24895170790 0
1787575324 34309571 24895182997 0
1787575325 34309617 24895195238 0
1787575326 34309663 24895207578 0
