1787570338 33121511 24837881140 0
1787570339 33121755 24837892658 0
1787570341 33122024 24837904210 0
1787570342 33122345 24837916301 0
1787570343 33122647 24837927785 0
1787570344 33122919 24837939224 0
1787570345 33123195 24837950699 0
1787570346 33123502 24837962372 0
1787570347 33123800 24837973833 0
1787570348 33124068 24837985364 0
1787570349 33124386 24837996805 0
1787570350 33124741 24838008131 0
1787570351 33125013 24838019506 0
1787570352 33125338 24838031506 0
1787570353 33125657 24838042988 0
1787570354 33125962 24838054459 0
1787570355 33126262 24838065862 0
1787570356 33126544 24838077363 0
1787570357 33126823 24838088867 0
1787570358 33127092 24838100516 0
1787570359 33127349 24838112349 0
1787570360 33127645 24838124169 0
1787570361 33127909 24838135890 0
1787570362 33128167 24838147669 0
1787570363 33128407 24838159492 0
1787570364 33128675 24838171459 0
1787570365 33128897 24838183469 0
1787570366 33129118 24838195434 0
1787570367 33129364 24838207590 0
1787570368 33129645 24838219668 0
1787570369 33129915 24838231705 0
1787570370 33130132 24838243605 0
1787570371 33130411 24838255581 0
1787570372 33130777 24838267398 0
