1787575345 34311909 24895436486 0
1787575347 34312859 24895446655 0
1787575348 34313771 24895456087 0
1787575349 34314678 24895466581 0
1787575350 34314785 24895478787 0
1787575351 34314905 24895490903 0
1787575352 34315026 24895503164 0
1787575353 34315159 24895515340 0
1787575354 34315273 24895527465 0
1787575355 34315389 24895539635 0
1787575356 34315499 24895551844 0
1787575357 34315615 24895564104 0
1787575358 34315734 24895576367 0
1787575359 34315857 24895588577 0
1787575360 34315968 24895600802 0
1787575361 34316084 24895613011 0
1787575362 34316207 24895625258 0
1787575363 34316304 24895637432 0
1787575364 34316410 24895649652 0
1787575365 34316500 24895661963 0
1787575366 34316615 24895674129 0
1787575367 34316721 24895686436 0
1787575368 34316859 24895698601 0
1787575369 34317080 24895710675 0
1787575370 34317205 24895722796 0
1787575371 34317322 24895734948 0
1787575372 34317598 24895747009 0
1787575373 34318031 24895759129 0
1787575374 34318343 24895771164 0
1787575375 34318889 24895782820 0
1787575376 34319828 24895793054 0
1787575377 34320781 24895803105 0
1787575378 34321746 24895812318 0
1787575379 34322313 24895823181 0
1787575380 34322434 24895835331 0
1787575381 34322548 24895847487 0
1787575382 34322649 24895859793 0
1787575383 34322770 24895872033 0
1787575385 34322889 24895884329 0
1787575386 34323027 24895896655 0
1787575387 34323147 24895908872 0
1787575388 34323250 24895921200 0
1787575389 34323370 24895933428 0
1787575390 34323501 24895945767 0
1787575391 34323624 24895958022 0
1787575392 34323739 24895970218 0
1787575393 34323868 24895982584 0
1787575394 34323979 24895994776 0
1787575395 34324105 24896007040 0
1787575396 34324225 24896019330 0
1787575397 34324409 24896031563 0
1787575398 34324557 24896043731 0
1787575399 34324811 24896056065 0
1787575400 34325150 24896068085 0
1787575401 34325315 24896080361 0
1787575402 34325470 24896092517 0
1787575403 34325607 24896104759 0
1787575404 34325847 24896116821 0
1787575405 34326261 24896128991 0
1787575406 34326648 24896141117 0
1787575407 34326817 24896153286 0
1787575408 34327467 24896163617 0
1787575409 34328418 24896174270 0
