1787570338 33121511 24837881140 0
1787570339 33121759 24837892733 0
1787570340 33122024 24837904217 0
1787570342 33122324 24837915583 0
1787570343 33122633 24837927122 0
1787570344 33122903 24837938555 0
1787570345 33123167 24837950021 0
1787570346 33123464 24837961460 0
1787570347 33123770 24837972936 0
1787570348 33124061 24837985207 0
1787570349 33124378 24837996559 0
1787570350 33124748 24838008398 0
1787570351 33125019 24838019742 0
1787570352 33125347 24838031966 0
1787570353 33125671 24838043471 0
1787570354 33125976 24838054935 0
1787570355 33126277 24838066383 0
1787570356 33126560 24838077883 0
1787570357 33126842 24838089424 0
1787570358 33127136 24838101796 0
1787570359 33127383 24838113544 0
1787570360 33127705 24838126022 0
1787570361 33127962 24838137648 0
1787570362 33128207 24838149409 0
1787570363 33128474 24838161452 0
1787570364 33128717 24838173382 0
1787570365 33128938 24838185487 0
1787570366 33129167 24838197359 0
1787570367 33129415 24838209565 0
1787570368 33129695 24838221812 0
1787570369 33129958 24838233870 0
1787570371 33130176 24838245737 0
1787570372 33130484 24838257582 0
