1787576687 34645547 24911019323 0
1787576688 34645791 24911031441 0
1787576689 34646060 24911043719 0
1787576690 34646233 24911055959 0
1787576691 34646443 24911068229 0
1787576692 34646628 24911080452 0
1787576693 34646982 24911092513 0
1787576694 34647529 24911104634 0
1787576695 34647878 24911116719 0
1787576696 34648830 24911126769 0
1787576697 34649910 24911136832 0
1787576698 34650899 24911146598 0
1787576699 34651539 24911157826 0
1787576700 34651697 24911169977 0
1787576701 34651851 24911182144 0
1787576702 34651997 24911194405 0
1787576703 34652123 24911206822 0
1787576704 34652258 24911219022 0
1787576705 34652425 24911231260 0
1787576706 34652538 24911243444 0
1787576707 34652673 24911255589 0
1787576708 34652807 24911267932 0
1787576709 34652971 24911280154 0
1787576710 34653134 24911292391 0
1787576711 34653283 24911304709 0
1787576712 34653417 24911316915 0
1787576713 34653546 24911329055 0
1787576714 34653674 24911341229 0
1787576715 34653802 24911353641 0
1787576716 34653950 24911365766 0
1787576717 34654089 24911378025 0
1787576718 34654302 24911390309 0
1787576719 34654513 24911402550 0
1787576720 34654692 24911414779 0
1787576721 34654844 24911427143 0
1787576723 34655130 24911439102 0
1787576724 34655588 24911451122 0
1787576725 34655987 24911463229 0
1787576726 34656614 24911474801 0
1787576727 34657611 24911484416 0
1787576728 34658625 24911494143 0
1787576729 34659690 24911504516 0
1787576730 34660025 24911516254 0
1787576731 34660210 24911528350 0
1787576732 34660376 24911540474 0
1787576733 34660515 24911552662 0
1787576734 34660673 24911564809 0
1787576735 34660790 24911576964 0
1787576736 34660922 24911589167 0
1787576737 34661075 24911601269 0
1787576738 34661214 24911613345 0
1787576739 34661352 24911625642 0
1787576740 34661525 24911638661 0
1787576741 34661646 24911650848 0
1787576742 34661779 24911663076 0
1787576743 34661931 24911675238 0
1787576744 34662072 24911687363 0
1787576745 34662205 24911699529 0
1787576746 34662333 24911711903 0
1787576747 34662445 24911724148 0
1787576748 34662678 24911736337 0
1787576749 34662899 24911748426 0
1787576750 34663192 24911760437 0
1787576751 34663294 24911772627 0
