1787576933 34708529 24913883215 0
1787576934 34709068 24913895296 0
1787576935 34709495 24913907374 0
1787576936 34710209 24913918632 0
1787576937 34711268 24913928880 0
1787576938 34712155 24913939197 0
1787576939 34713121 24913949438 0
1787576940 34713427 24913961808 0
1787576941 34713583 24913973986 0
1787576942 34713719 24913986131 0
1787576943 34713866 24913998360 0
1787576944 34713986 24914010566 0
1787576945 34714138 24914022805 0
1787576946 34714311 24914034980 0
1787576947 34714461 24914047334 0
1787576948 34714614 24914059430 0
1787576949 34714780 24914071570 0
1787576950 34714929 24914083849 0
1787576951 34715049 24914096208 0
1787576952 34715218 24914108477 0
1787576953 34715360 24914120731 0
1787576954 34715491 24914132980 0
1787576955 34715651 24914145278 0
1787576956 34715791 24914157445 0
1787576957 34715914 24914169768 0
1787576958 34716188 24914182016 0
1787576959 34716387 24914194184 0
1787576960 34716594 24914206439 0
1787576961 34716745 24914218536 0
1787576963 34717077 24914230598 0
1787576964 34717613 24914242584 0
1787576965 34718006 24914254527 0
1787576966 34719012 24914264385 0
1787576967 34720035 24914274281 0
1787576968 34721202 24914284462 0
1787576969 34721438 24914296473 0
1787576970 34721589 24914308581 0
1787576971 34721741 24914320700 0
1787576972 34721887 24914332790 0
1787576973 34722017 24914345022 0
1787576974 34722183 24914357244 0
1787576975 34722311 24914369567 0
1787576976 34722447 24914381770 0
1787576977 34722581 24914393991 0
1787576978 34722716 24914406182 0
1787576979 34722884 24914418343 0
1787576980 34723012 24914430622 0
1787576981 34723127 24914442759 0
1787576982 34723275 24914455034 0
1787576983 34723444 24914467317 0
1787576984 34723588 24914479461 0
1787576985 34723748 24914491724 0
1787576986 34723892 24914503843 0
1787576987 34724037 24914516006 0
1787576988 34724223 24914528156 0
1787576989 34724634 24914539695 0
1787576990 34724852 24914551770 0
1787576991 34725012 24914563909 0
1787576992 34725230 24914575873 0
1787576993 34725738 24914587860 0
1787576994 34726146 24914599864 0
1787576995 34726805 24914611158 0
1787576996 34727921 24914621705 0
1787576997 34728864 24914631192 0
