1787576933 34708529 24913883216 0
1787576934 34709067 24913895275 0
1787576935 34709495 24913907360 0
1787576936 34710189 24913918486 0
1787576937 34711201 24913927984 0
1787576938 34712045 24913938462 0
1787576939 34713013 24913948464 0
1787576940 34713399 24913960117 0
1787576941 34713559 24913972227 0
1787576942 34713698 24913984478 0
1787576943 34713848 24913996657 0
1787576944 34713973 24914008781 0
1787576945 34714120 24914021014 0
1787576946 34714291 24914033286 0
1787576947 34714446 24914045494 0
1787576948 34714594 24914057805 0
1787576949 34714759 24914069978 0
1787576950 34714909 24914082164 0
1787576951 34715024 24914094387 0
1787576952 34715193 24914106690 0
1787576953 34715327 24914119029 0
1787576954 34715463 24914131311 0
1787576955 34715629 24914143517 0
1787576956 34715775 24914155721 0
1787576957 34715886 24914167885 0
1787576958 34716130 24914180060 0
1787576959 34716360 24914192128 0
1787576960 34716557 24914204359 0
1787576961 34716707 24914216753 0
1787576962 34717016 24914228859 0
1787576963 34717526 24914240854 0
1787576964 34717900 24914253012 0
1787576965 34718824 24914262805 0
1787576966 34719910 24914272921 0
1787576968 34721113 24914283501 0
1787576969 34721419 24914295419 0
1787576970 34721578 24914308063 0
1787576971 34721732 24914320272 0
1787576972 34721884 24914332603 0
1787576973 34722013 24914344844 0
1787576974 34722176 24914356993 0
1787576975 34722303 24914369197 0
1787576976 34722443 24914381529 0
1787576977 34722579 24914393903 0
1787576978 34722713 24914406029 0
1787576979 34722884 24914418342 0
1787576980 34723011 24914430526 0
1787576981 34723126 24914442659 0
1787576982 34723276 24914455044 0
1787576983 34723441 24914467186 0
1787576984 34723586 24914479314 0
1787576985 34723746 24914491622 0
1787576986 34723891 24914503804 0
1787576987 34724036 24914515961 0
1787576988 34724222 24914528126 0
1787576989 34724635 24914539748 0
1787576990 34724860 24914552015 0
1787576991 34725019 24914564151 0
1787576992 34725235 24914576095 0
1787576993 34725754 24914588159 0
1787576994 34726159 24914600087 0
1787576995 34726813 24914611235 0
1787576996 34727922 24914621710 0
1787576997 34728891 24914631586 0
