1787579491 35450901 24943421376 0
1787579492 35451164 24943433459 0
1787579493 35451328 24943445610 0
1787579494 35451543 24943458799 0
1787579495 35451675 24943470954 0
1787579496 35451891 24943483200 0
1787579497 35452035 24943495601 0
1787579498 35452262 24943508590 0
1787579499 35452437 24943520696 0
1787579500 35452668 24943532825 0
1787579501 35452819 24943545064 0
1787579502 35453034 24943557254 0
1787579504 35453233 24943569399 0
1787579505 35453434 24943581584 0
1787579506 35453601 24943593776 0
1787579507 35453757 24943605975 0
1787579508 35453888 24943618122 0
1787579509 35454055 24943630200 0
1787579510 35454294 24943642347 0
1787579511 35454467 24943654464 0
1787579512 35454610 24943666606 0
1787579513 35454948 24943678644 0
1787579514 35455468 24943690667 0
1787579515 35455816 24943702765 0
1787579516 35456760 24943712667 0
1787579517 35457772 24943722260 0
1787579518 35458807 24943732325 0
1787579519 35459223 24943743886 0
1787579520 35459365 24943756018 0
1787579521 35459522 24943768155 0
1787579522 35459648 24943780332 0
1787579523 35459789 24943792517 0
1787579524 35459919 24943804689 0
1787579525 35460018 24943816837 0
1787579526 35460159 24943829005 0
1787579527 35460277 24943841378 0
1787579528 35460372 24943853601 0
1787579529 35460478 24943865792 0
1787579530 35460585 24943877962 0
1787579531 35460734 24943890148 0
1787579532 35460846 24943902386 0
1787579533 35460956 24943914643 0
1787579534 35461115 24943926959 0
1787579535 35461251 24943939172 0
1787579536 35461376 24943951465 0
1787579537 35461508 24943963711 0
1787579538 35461676 24943976000 0
1787579539 35461979 24943988066 0
1787579540 35462168 24944000354 0
1787579541 35462310 24944012734 0
1787579543 35462496 24944024907 0
1787579544 35462857 24944037191 0
1787579545 35463374 24944049227 0
1787579546 35463900 24944061715 0
1787579547 35464806 24944071527 0
1787579548 35465801 24944081907 0
1787579549 35466868 24944091809 0
1787579550 35467255 24944103732 0
1787579551 35467394 24944115830 0
1787579552 35467554 24944128034 0
1787579553 35467699 24944140214 0
1787579554 35467830 24944152412 0
1787579555 35467946 24944164565 0
