1787579491 35450901 24943421376 0
1787579492 35451165 24943433544 0
1787579493 35451336 24943446052 0
1787579494 35451535 24943458233 0
1787579495 35451667 24943470518 0
1787579496 35451884 24943482877 0
1787579497 35452022 24943495172 0
1787579498 35452236 24943507387 0
1787579499 35452423 24943519565 0
1787579500 35452650 24943531836 0
1787579501 35452806 24943544030 0
1787579502 35453030 24943556831 0
1787579503 35453226 24943568962 0
1787579504 35453430 24943581191 0
1787579506 35453593 24943593360 0
1787579507 35453747 24943605577 0
1787579508 35453887 24943617904 0
1787579509 35454047 24943630011 0
1787579510 35454290 24943642137 0
1787579511 35454461 24943654252 0
1787579512 35454605 24943666427 0
1787579513 35454941 24943678459 0
1787579514 35455461 24943690452 0
1787579515 35455796 24943702462 0
1787579516 35456729 24943712361 0
1787579517 35457735 24943722012 0
1787579518 35458756 24943731688 0
1787579519 35459214 24943743336 0
1787579520 35459357 24943755466 0
1787579521 35459517 24943767580 0
1787579522 35459637 24943779799 0
1787579523 35459780 24943791917 0
1787579524 35459909 24943804019 0
1787579525 35460009 24943816193 0
1787579526 35460146 24943828357 0
1787579527 35460257 24943840534 0
1787579528 35460360 24943852830 0
1787579529 35460472 24943865038 0
1787579530 35460578 24943877294 0
1787579531 35460725 24943889440 0
1787579532 35460836 24943901613 0
1787579533 35460944 24943913932 0
1787579534 35461095 24943926081 0
1787579535 35461237 24943938272 0
1787579536 35461365 24943950562 0
1787579537 35461501 24943962992 0
1787579538 35461651 24943975238 0
1787579539 35461952 24943987414 0
1787579540 35462156 24943999552 0
1787579541 35462298 24944011704 0
1787579542 35462467 24944023819 0
1787579543 35462816 24944035736 0
1787579544 35463301 24944047743 0
1787579545 35463694 24944059760 0
1787579547 35464593 24944069534 0
1787579548 35465559 24944079684 0
1787579549 35466622 24944089563 0
1787579550 35467203 24944100565 0
1787579551 35467350 24944112647 0
1787579552 35467526 24944124968 0
1787579553 35467654 24944137199 0
1787579554 35467783 24944149378 0
1787579555 35467921 24944161497 0
