1787576687 34645545 24911019276 0
1787576688 34645791 24911031442 0
1787576689 34646058 24911043688 0
1787576690 34646230 24911055888 0
1787576691 34646444 24911068240 0
1787576692 34646633 24911080581 0
1787576693 34646996 24911092809 0
1787576694 34647542 24911104848 0
1787576695 34647890 24911116875 0
1787576696 34648851 24911126891 0
1787576697 34649926 24911136973 0
1787576698 34651053 24911147797 0
1787576699 34651569 24911159439 0
1787576700 34651719 24911171561 0
1787576701 34651870 24911183706 0
1787576702 34652021 24911196004 0
1787576703 34652145 24911208264 0
1787576704 34652283 24911220488 0
1787576705 34652449 24911233156 0
1787576706 34652573 24911245538 0
1787576707 34652701 24911257916 0
1787576708 34652836 24911270174 0
1787576709 34653002 24911282422 0
1787576710 34653171 24911294591 0
1787576711 34653314 24911306823 0
1787576712 34653447 24911319042 0
1787576713 34653569 24911331207 0
1787576714 34653694 24911343414 0
1787576715 34653825 24911355574 0
1787576717 34653978 24911368049 0
1787576718 34654127 24911380291 0
1787576719 34654359 24911392517 0
1787576720 34654533 24911404683 0
1787576721 34654720 24911417001 0
1787576722 34654892 24911429190 0
1787576723 34655200 24911441109 0
1787576724 34655683 24911453169 0
1787576725 34656037 24911465244 0
1787576726 34656766 24911476355 0
1787576727 34657874 24911486948 0
1787576728 34658931 24911497073 0
1787576729 34659859 24911506920 0
1787576730 34660062 24911519184 0
1787576731 34660241 24911531291 0
1787576732 34660406 24911543422 0
1787576733 34660566 24911555573 0
1787576734 34660702 24911567779 0
1787576735 34660824 24911579921 0
1787576736 34660957 24911592089 0
1787576737 34661103 24911604263 0
1787576738 34661251 24911616387 0
1787576739 34661392 24911628697 0
1787576740 34661551 24911640883 0
1787576741 34661695 24911653067 0
1787576742 34661805 24911665271 0
1787576743 34661950 24911677545 0
1787576744 34662098 24911689866 0
1787576745 34662234 24911702053 0
1787576746 34662357 24911714428 0
1787576747 34662485 24911726778 0
1787576748 34662733 24911739084 0
1787576750 34662944 24911751260 0
1787576751 34663212 24911763408 0
