1787579163 35355735 24939632818 0
1787579164 35355881 24939645099 0
1787579166 35355995 24939657320 0
1787579167 35356132 24939669619 0
1787579168 35356254 24939682032 0
1787579169 35356476 24939694284 0
1787579170 35356682 24939706590 0
1787579171 35356809 24939718859 0
1787579172 35357030 24939731159 0
1787579173 35357177 24939743422 0
1787579174 35357494 24939755479 0
1787579175 35357774 24939768426 0
1787579176 35358002 24939781304 0
1787579177 35358264 24939793543 0
1787579178 35358441 24939805843 0
1787579179 35358800 24939818041 0
1787579180 35359145 24939830837 0
1787579181 35359317 24939843205 0
1787579182 35359516 24939855713 0
1787579183 35359763 24939867843 0
1787579184 35360113 24939879989 0
1787579185 35360644 24939892024 0
1787579186 35360932 24939904113 0
1787579187 35361288 24939916035 0
1787579188 35362290 24939926066 0
1787579190 35363310 24939935712 0
1787579191 35364318 24939946402 0
1787579192 35365008 24939957249 0
1787579193 35365140 24939969257 0
1787579194 35365241 24939981634 0
1787579195 35365348 24939993821 0
1787579196 35365490 24940006117 0
1787579197 35365594 24940018525 0
1787579198 35365717 24940030707 0
1787579199 35365839 24940043293 0
1787579200 35365966 24940055636 0
1787579201 35366062 24940068051 0
1787579202 35366162 24940080553 0
1787579203 35366419 24940092872 0
1787579204 35366723 24940104893 0
1787579205 35367051 24940117042 0
1787579206 35367357 24940129045 0
1787579207 35367668 24940141004 0
1787579208 35367972 24940153051 0
1787579209 35368472 24940164874 0
1787579210 35368816 24940176810 0
1787579211 35369205 24940188755 0
1787579212 35369625 24940201059 0
1787579213 35370058 24940212689 0
1787579214 35370675 24940224502 0
1787579215 35371295 24940236300 0
1787579216 35371761 24940248473 0
1787579217 35372731 24940258423 0
1787579218 35373743 24940267911 0
1787579220 35374798 24940277693 0
1787579221 35375991 24940287166 0
1787579222 35376499 24940298561 0
1787579223 35376832 24940310540 0
1787579224 35377239 24940322531 0
1787579225 35377562 24940334755 0
1787579226 35377892 24940346818 0
1787579227 35378274 24940358791 0
