1787579163 35355736 24939632865 0
1787579164 35355884 24939645201 0
1787579166 35355998 24939657473 0
1787579167 35356136 24939669754 0
1787579168 35356254 24939682042 0
1787579169 35356480 24939694430 0
1787579170 35356689 24939706723 0
1787579171 35356811 24939718903 0
1787579172 35357031 24939731168 0
1787579173 35357177 24939743424 0
1787579174 35357491 24939755366 0
1787579175 35357753 24939767588 0
1787579176 35357980 24939779783 0
1787579177 35358243 24939792026 0
1787579178 35358408 24939804108 0
1787579179 35358737 24939816339 0
1787579180 35359091 24939828373 0
1787579181 35359261 24939840475 0
1787579182 35359459 24939853104 0
1787579183 35359732 24939866267 0
1787579184 35360056 24939878332 0
1787579185 35360587 24939890792 0
1787579186 35360928 24939903903 0
1787579187 35361275 24939915927 0
1787579189 35362290 24939926061 0
1787579190 35363526 24939938129 0
1787579191 35364625 24939949065 0
1787579192 35365033 24939960205 0
1787579193 35365166 24939972143 0
1787579194 35365262 24939984404 0
1787579195 35365370 24939996542 0
1787579196 35365512 24940008789 0
1787579197 35365633 24940021102 0
1787579198 35365743 24940033292 0
1787579199 35365877 24940045578 0
1787579200 35365988 24940057755 0
1787579201 35366075 24940070050 0
1787579202 35366178 24940082331 0
1787579203 35366475 24940094597 0
1787579204 35366769 24940106572 0
1787579205 35367082 24940118735 0
1787579206 35367402 24940130773 0
1787579207 35367724 24940142779 0
1787579208 35368048 24940154858 0
1787579209 35368544 24940166654 0
1787579210 35368874 24940178627 0
1787579211 35369292 24940190713 0
1787579212 35369678 24940202621 0
1787579213 35370125 24940214151 0
1787579214 35370754 24940225896 0
1787579215 35371342 24940237860 0
1787579216 35371812 24940249723 0
1787579218 35372836 24940259327 0
1787579219 35373875 24940268796 0
1787579220 35374960 24940278903 0
1787579221 35376189 24940288846 0
1787579222 35376565 24940300513 0
1787579223 35376883 24940312478 0
1787579224 35377314 24940324473 0
1787579225 35377608 24940336880 0
1787579226 35377995 24940349661 0
1787579227 35378382 24940362672 0
