1787579163 35355733 24939632764 0
1787579164 35355881 24939645054 0
1787579166 35355994 24939657273 0
1787579167 35356132 24939669603 0
1787579168 35356247 24939681793 0
1787579169 35356475 24939694155 0
1787579170 35356675 24939706372 0
1787579171 35356800 24939718566 0
1787579172 35357025 24939730984 0
1787579173 35357176 24939743371 0
1787579174 35357498 24939755564 0
1787579175 35357779 24939768688 0
1787579176 35357999 24939780959 0
1787579177 35358255 24939793067 0
1787579178 35358424 24939805419 0
1787579179 35358782 24939817659 0
1787579180 35359129 24939830111 0
1787579181 35359312 24939843095 0
1787579182 35359511 24939855303 0
1787579183 35359755 24939867405 0
1787579184 35360115 24939880067 0
1787579185 35360653 24939892177 0
1787579186 35360941 24939904294 0
1787579187 35361309 24939916198 0
1787579188 35362287 24939926047 0
1787579189 35363304 24939935668 0
1787579191 35364322 24939946447 0
1787579192 35365005 24939957121 0
1787579193 35365137 24939969093 0
1787579194 35365233 24939981331 0
1787579195 35365345 24939993572 0
1787579196 35365489 24940005771 0
1787579197 35365590 24940018146 0
1787579198 35365710 24940030363 0
1787579199 35365828 24940042769 0
1787579200 35365950 24940054971 0
1787579201 35366056 24940067143 0
1787579202 35366154 24940079478 0
1787579203 35366384 24940091633 0
1787579204 35366693 24940103608 0
1787579205 35367024 24940115666 0
1787579206 35367329 24940127816 0
1787579207 35367631 24940139765 0
1787579208 35367937 24940151854 0
1787579209 35368403 24940163847 0
1787579210 35368780 24940175763 0
1787579211 35369172 24940187740 0
1787579212 35369598 24940200050 0
1787579213 35370007 24940211607 0
1787579214 35370609 24940223459 0
1787579215 35371264 24940235319 0
1787579216 35371697 24940247197 0
1787579217 35372610 24940257346 0
1787579218 35373621 24940266854 0
1787579219 35374637 24940276320 0
1787579220 35375822 24940285905 0
1787579221 35376443 24940296914 0
1787579222 35376776 24940308842 0
1787579223 35377170 24940320860 0
1787579224 35377510 24940332869 0
1787579226 35377823 24940344992 0
1787579227 35378229 24940357230 0
