1787579491 35450901 24943421374 0
1787579492 35451165 24943433546 0
1787579493 35451332 24943445756 0
1787579494 35451541 24943458738 0
1787579495 35451675 24943470948 0
1787579496 35451890 24943483139 0
1787579497 35452038 24943495673 0
1787579498 35452252 24943507929 0
1787579499 35452431 24943520043 0
1787579500 35452662 24943532186 0
1787579501 35452812 24943544377 0
1787579502 35453020 24943556486 0
1787579503 35453222 24943568789 0
1787579504 35453428 24943581070 0
1787579506 35453590 24943593192 0
1787579507 35453744 24943605466 0
1787579508 35453884 24943617727 0
1787579509 35454044 24943629859 0
1787579510 35454288 24943642055 0
1787579511 35454459 24943654149 0
1787579512 35454605 24943666427 0
1787579513 35454943 24943678482 0
1787579514 35455462 24943690472 0
1787579515 35455798 24943702493 0
1787579516 35456727 24943712342 0
1787579517 35457715 24943721854 0
1787579518 35458737 24943731452 0
1787579519 35459214 24943743330 0
1787579520 35459355 24943755375 0
1787579521 35459516 24943767498 0
1787579522 35459637 24943779754 0
1787579523 35459781 24943791967 0
1787579524 35459909 24943804076 0
1787579525 35460009 24943816211 0
1787579526 35460146 24943828381 0
1787579527 35460261 24943840636 0
1787579528 35460362 24943852876 0
1787579529 35460472 24943865087 0
1787579530 35460577 24943877281 0
1787579531 35460727 24943889497 0
1787579532 35460840 24943901856 0
1787579533 35460948 24943914056 0
1787579534 35461099 24943926189 0
1787579535 35461238 24943938365 0
1787579536 35461365 24943950569 0
1787579537 35461497 24943962767 0
1787579538 35461640 24943974925 0
1787579539 35461943 24943987090 0
1787579540 35462153 24943999194 0
1787579541 35462293 24944011382 0
1787579542 35462459 24944023544 0
1787579543 35462812 24944035624 0
1787579544 35463301 24944047743 0
1787579545 35463701 24944059884 0
1787579546 35464635 24944069796 0
1787579548 35465537 24944079480 0
1787579549 35466622 24944089567 0
1787579550 35467205 24944100695 0
1787579551 35467353 24944112771 0
1787579552 35467526 24944124969 0
1787579553 35467653 24944137147 0
1787579554 35467783 24944149371 0
1787579555 35467921 24944161440 0
