1787578735 35220909 24934698717 0
1787578736 35221472 24934711555 0
1787578737 35222089 24934723120 0
1787578738 35223075 24934733602 0
1787578739 35224153 24934743856 0
1787578740 35225101 24934753441 0
1787578741 35225728 24934764326 0
1787578742 35225956 24934776456 0
1787578743 35226170 24934788658 0
1787578744 35226299 24934801000 0
1787578745 35226572 24934813196 0
1787578746 35226938 24934825214 0
1787578747 35227361 24934837716 0
1787578749 35227691 24934850680 0
1787578750 35228127 24934863426 0
1787578751 35228486 24934875381 0
1787578752 35228929 24934888061 0
1787578753 35229316 24934900987 0
1787578754 35229730 24934912994 0
1787578755 35230116 24934924916 0
1787578756 35230450 24934936902 0
1787578757 35230836 24934948892 0
1787578758 35231218 24934960844 0
1787578759 35231656 24934972722 0
1787578760 35232018 24934984689 0
1787578761 35232395 24934996727 0
1787578762 35232738 24935008860 0
1787578763 35233178 24935020907 0
1787578764 35233708 24935032810 0
1787578765 35234348 24935044657 0
1787578766 35234899 24935056692 0
1787578767 35235711 24935067925 0
1787578768 35236728 24935077815 0
1787578769 35237849 24935088142 0
1787578771 35238944 24935097796 0
1787578772 35239790 24935109117 0
1787578773 35239969 24935121129 0
1787578774 35240245 24935133378 0
1787578775 35240562 24935145428 0
1787578776 35240813 24935157484 0
1787578777 35241076 24935169612 0
1787578778 35241291 24935181765 0
1787578779 35241516 24935194021 0
1787578780 35241776 24935206280 0
1787578781 35241953 24935218438 0
1787578782 35242106 24935230632 0
1787578783 35242238 24935242990 0
1787578784 35242361 24935255240 0
1787578785 35242546 24935267512 0
1787578786 35242756 24935279752 0
1787578787 35242932 24935291964 0
1787578788 35243080 24935304381 0
1787578789 35243332 24935316668 0
1787578790 35243454 24935328904 0
1787578791 35243695 24935341007 0
1787578792 35243842 24935353129 0
1787578793 35244124 24935365016 0
1787578794 35244566 24935378577 0
1787578795 35245016 24935390773 0
1787578796 35245374 24935402749 0
1787578797 35246298 24935412860 0
1787578798 35247312 24935422592 0
