1787576519 34606421 24909062567 0
1787576520 34606702 24909074851 0
1787576521 34606848 24909087008 0
1787576522 34606961 24909099275 0
1787576523 34607094 24909111451 0
1787576524 34607206 24909123689 0
1787576525 34607352 24909135941 0
1787576526 34607496 24909148240 0
1787576527 34607655 24909160577 0
1787576528 34607769 24909172797 0
1787576529 34607885 24909184968 0
1787576530 34608072 24909197082 0
1787576531 34608189 24909209244 0
1787576532 34608304 24909221417 0
1787576533 34608423 24909233736 0
1787576534 34608584 24909245909 0
1787576535 34608718 24909258148 0
1787576536 34608835 24909270540 0
1787576537 34608958 24909282716 0
1787576538 34609110 24909294913 0
1787576539 34609366 24909307144 0
1787576540 34609512 24909319233 0
1787576541 34609653 24909331454 0
1787576542 34609876 24909343598 0
1787576543 34610337 24909355592 0
1787576544 34610780 24909367619 0
1787576546 34611401 24909379035 0
1787576547 34612455 24909390032 0
1787576548 34613535 24909400080 0
1787576549 34614352 24909410334 0
1787576550 34614475 24909422506 0
1787576551 34614607 24909434932 0
1787576552 34614745 24909447205 0
1787576553 34614872 24909459438 0
1787576554 34614999 24909471775 0
1787576555 34615148 24909483916 0
1787576556 34615319 24909496030 0
1787576557 34615445 24909508220 0
1787576558 34615599 24909520399 0
1787576559 34615729 24909532569 0
1787576560 34615861 24909544861 0
1787576561 34615991 24909557230 0
1787576562 34616110 24909569473 0
1787576563 34616240 24909581729 0
1787576564 34616392 24909593999 0
1787576565 34616532 24909606201 0
1787576566 34616670 24909618347 0
1787576567 34616791 24909630512 0
1787576568 34616955 24909642725 0
1787576569 34617213 24909654872 0
1787576570 34617438 24909666925 0
1787576571 34617628 24909679015 0
1787576572 34617809 24909691223 0
1787576573 34618101 24909703139 0
1787576574 34618599 24909715289 0
1787576575 34618916 24909727380 0
1787576576 34619717 24909737457 0
1787576577 34620769 24909747323 0
1787576578 34621911 24909757430 0
1787576579 34622607 24909768047 0
1787576580 34622779 24909780161 0
1787576581 34622906 24909792369 0
1787576582 34622970 24909804545 0
1787576584 34623099 24909816804 0
