1787578735 35220914 24934698789 0
1787578736 35221456 24934710834 0
1787578737 35222030 24934722420 0
1787578738 35222959 24934732273 0
1787578739 35223961 24934742097 0
1787578740 35225090 24934753368 0
1787578741 35225727 24934764262 0
1787578742 35225962 24934776653 0
1787578743 35226171 24934788811 0
1787578744 35226299 24934801063 0
1787578745 35226573 24934813215 0
1787578746 35226940 24934825315 0
1787578747 35227344 24934837341 0
1787578748 35227660 24934849378 0
1787578749 35228045 24934861463 0
1787578750 35228415 24934873381 0
1787578752 35228824 24934885495 0
1787578753 35229211 24934897963 0
1787578754 35229600 24934910037 0
1787578755 35229992 24934922059 0
1787578756 35230360 24934934220 0
1787578757 35230746 24934946229 0
1787578758 35231090 24934958156 0
1787578759 35231539 24934970277 0
1787578760 35231944 24934982317 0
1787578761 35232331 24934994320 0
1787578762 35232646 24935006321 0
1787578763 35233088 24935018242 0
1787578764 35233587 24935030063 0
1787578765 35234212 24935041817 0
1787578766 35234782 24935053931 0
1787578767 35235366 24935065532 0
1787578768 35236396 24935075085 0
1787578769 35237470 24935085031 0
1787578770 35238598 24935094601 0
1787578771 35239676 24935104515 0
1787578772 35239894 24935116519 0
1787578773 35240114 24935128586 0
1787578774 35240456 24935140693 0
1787578775 35240712 24935152726 0
1787578776 35241000 24935164879 0
1787578777 35241205 24935176949 0
1787578778 35241435 24935189124 0
1787578779 35241660 24935201261 0
1787578780 35241896 24935213477 0
1787578781 35242038 24935225754 0
1787578783 35242182 24935239080 0
1787578784 35242316 24935251355 0
1787578785 35242491 24935263604 0
1787578786 35242688 24935275948 0
1787578787 35242860 24935288342 0
1787578788 35243042 24935300640 0
1787578789 35243231 24935312779 0
1787578790 35243403 24935324922 0
1787578791 35243618 24935337073 0
1787578792 35243774 24935349356 0
1787578793 35244014 24935361353 0
1787578794 35244355 24935373408 0
1787578795 35244822 24935385447 0
1787578796 35245215 24935397560 0
1787578797 35245929 24935408725 0
1787578798 35247088 24935420589 0
1787578799 35248203 24935430970 0
