1787578735 35220914 24934698789 0
1787578736 35221454 24934710768 0
1787578737 35222061 24934722777 0
1787578738 35223028 24934732993 0
1787578739 35224233 24934744430 0
1787578740 35225159 24934753931 0
1787578741 35225739 24934764883 0
1787578742 35225975 24934777241 0
1787578743 35226176 24934789438 0
1787578744 35226308 24934801666 0
1787578745 35226592 24934813745 0
1787578746 35226954 24934825743 0
1787578748 35227368 24934837809 0
1787578749 35227688 24934850612 0
1787578750 35228114 24934863158 0
1787578751 35228475 24934875238 0
1787578752 35228903 24934887260 0
1787578753 35229255 24934899362 0
1787578754 35229665 24934911353 0
1787578755 35230081 24934924019 0
1787578756 35230419 24934936046 0
1787578757 35230811 24934948054 0
1787578758 35231193 24934960152 0
1787578759 35231613 24934972090 0
1787578760 35231990 24934984078 0
1787578761 35232379 24934996027 0
1787578762 35232709 24935007962 0
1787578763 35233144 24935020065 0
1787578764 35233667 24935031870 0
1787578765 35234305 24935043706 0
1787578766 35234861 24935055683 0
1787578767 35235588 24935066932 0
1787578768 35236588 24935076417 0
1787578769 35237580 24935085866 0
1787578770 35238700 24935095531 0
1787578771 35239720 24935105756 0
1787578772 35239918 24935117781 0
1787578773 35240147 24935129911 0
1787578774 35240484 24935142023 0
1787578775 35240740 24935154138 0
1787578776 35241026 24935166302 0
1787578777 35241235 24935178434 0
1787578778 35241459 24935190619 0
1787578780 35241702 24935202967 0
1787578781 35241926 24935215214 0
1787578782 35242075 24935227436 0
1787578783 35242189 24935239678 0
1787578784 35242323 24935251946 0
1787578785 35242499 24935264213 0
1787578786 35242704 24935276567 0
1787578787 35242869 24935288900 0
1787578788 35243049 24935301183 0
1787578789 35243245 24935313378 0
1787578790 35243410 24935325572 0
1787578791 35243644 24935337894 0
1787578792 35243791 24935350085 0
1787578793 35244022 24935361917 0
1787578794 35244371 24935374004 0
1787578795 35244850 24935386109 0
1787578796 35245235 24935398275 0
1787578797 35245991 24935409361 0
1787578798 35247056 24935420339 0
1787578799 35248203 24935430980 0
