1787576687 34645545 24911019273 0
1787576688 34645793 24911031496 0
1787576689 34646056 24911043631 0
1787576690 34646232 24911055906 0
1787576691 34646440 24911068112 0
1787576692 34646629 24911080468 0
1787576693 34646981 24911092481 0
1787576694 34647520 24911104531 0
1787576695 34647871 24911116575 0
1787576696 34648824 24911126733 0
1787576697 34649901 24911136721 0
1787576698 34651043 24911147749 0
1787576699 34651564 24911159124 0
1787576700 34651712 24911171271 0
1787576701 34651866 24911183466 0
1787576702 34652014 24911195680 0
1787576703 34652143 24911208000 0
1787576704 34652276 24911220217 0
1787576705 34652444 24911232570 0
1787576706 34652557 24911244892 0
1787576707 34652689 24911257100 0
1787576708 34652827 24911269322 0
1787576709 34652989 24911281633 0
1787576710 34653156 24911293902 0
1787576711 34653307 24911306205 0
1787576712 34653440 24911318615 0
1787576713 34653564 24911330848 0
1787576714 34653690 24911343227 0
1787576715 34653822 24911355424 0
1787576717 34653974 24911367662 0
1787576718 34654116 24911379865 0
1787576719 34654342 24911392151 0
1787576720 34654529 24911404309 0
1787576721 34654714 24911416522 0
1787576722 34654875 24911428683 0
1787576723 34655188 24911440799 0
1787576724 34655670 24911452888 0
1787576725 34656028 24911465037 0
1787576726 34656747 24911476076 0
1787576727 34657830 24911486499 0
1787576728 34658930 24911497063 0
1787576729 34659872 24911507221 0
1787576730 34660067 24911519333 0
1787576731 34660245 24911531498 0
1787576732 34660412 24911543616 0
1787576733 34660570 24911555781 0
1787576734 34660704 24911567931 0
1787576735 34660831 24911580215 0
1787576736 34660963 24911592373 0
1787576737 34661109 24911604702 0
1787576738 34661257 24911616897 0
1787576739 34661398 24911629044 0
1787576740 34661559 24911641351 0
1787576741 34661698 24911653715 0
1787576742 34661817 24911665880 0
1787576743 34661953 24911678011 0
1787576744 34662106 24911690300 0
1787576745 34662240 24911702707 0
1787576746 34662364 24911714997 0
1787576747 34662498 24911727331 0
1787576749 34662738 24911739546 0
1787576750 34662957 24911751669 0
1787576751 34663218 24911763683 0
