1787576933 34708532 24913883329 0
1787576934 34709071 24913895334 0
1787576935 34709499 24913907499 0
1787576936 34710209 24913918636 0
1787576937 34711266 24913928871 0
1787576938 34712157 24913939208 0
1787576939 34713103 24913949217 0
1787576940 34713418 24913961375 0
1787576941 34713576 24913973639 0
1787576942 34713716 24913985858 0
1787576943 34713864 24913998155 0
1787576944 34713983 24914010372 0
1787576945 34714134 24914022571 0
1787576946 34714306 24914034737 0
1787576947 34714458 24914046857 0
1787576948 34714606 24914059094 0
1787576949 34714772 24914071218 0
1787576950 34714922 24914083445 0
1787576951 34715041 24914095648 0
1787576952 34715205 24914107863 0
1787576953 34715341 24914120102 0
1787576954 34715475 24914132371 0
1787576955 34715639 24914144527 0
1787576956 34715783 24914156776 0
1787576957 34715899 24914168922 0
1787576958 34716159 24914181018 0
1787576959 34716371 24914193063 0
1787576960 34716570 24914205148 0
1787576961 34716719 24914217318 0
1787576962 34717034 24914229374 0
1787576963 34717550 24914241380 0
1787576964 34717916 24914253422 0
1787576965 34718848 24914262966 0
1787576967 34719927 24914273142 0
1787576968 34721137 24914283808 0
1787576969 34721425 24914295846 0
1787576970 34721574 24914307909 0
1787576971 34721728 24914320075 0
1787576972 34721881 24914332287 0
1787576973 34722009 24914344575 0
1787576974 34722171 24914356701 0
1787576975 34722295 24914368906 0
1787576976 34722435 24914381061 0
1787576977 34722574 24914393379 0
1787576978 34722705 24914405550 0
1787576979 34722875 24914417724 0
1787576980 34723003 24914429952 0
1787576981 34723118 24914442123 0
1787576982 34723258 24914454278 0
1787576983 34723437 24914467027 0
1787576984 34723585 24914479145 0
1787576985 34723739 24914491312 0
1787576986 34723884 24914503476 0
1787576987 34724032 24914515705 0
1787576988 34724216 24914527881 0
1787576989 34724632 24914539561 0
1787576990 34724850 24914551702 0
1787576991 34725012 24914563912 0
1787576992 34725228 24914575803 0
1787576993 34725738 24914587854 0
1787576994 34726147 24914599890 0
1787576995 34726793 24914611039 0
1787576996 34727890 24914621299 0
1787576997 34728840 24914630886 0
