1787576519 34606421 24909062568 0
1787576520 34606700 24909074801 0
1787576521 34606853 24909087685 0
1787576522 34606966 24909099888 0
1787576523 34607107 24909112216 0
1787576524 34607220 24909124506 0
1787576525 34607370 24909136774 0
1787576526 34607509 24909148983 0
1787576527 34607659 24909161146 0
1787576528 34607777 24909173404 0
1787576529 34607895 24909185884 0
1787576530 34608083 24909198070 0
1787576531 34608199 24909210287 0
1787576532 34608318 24909222552 0
1787576533 34608437 24909234728 0
1787576534 34608599 24909246938 0
1787576535 34608731 24909259190 0
1787576536 34608842 24909271396 0
1787576537 34608968 24909283579 0
1787576538 34609133 24909295853 0
1787576539 34609369 24909307937 0
1787576540 34609529 24909320519 0
1787576541 34609665 24909332650 0
1787576542 34609901 24909344574 0
1787576543 34610383 24909356526 0
1787576544 34610803 24909368547 0
1787576546 34611432 24909379389 0
1787576547 34612437 24909389916 0
1787576548 34613558 24909400288 0
1787576549 34614362 24909411178 0
1787576550 34614494 24909423310 0
1787576551 34614615 24909435521 0
1787576552 34614751 24909447657 0
1787576553 34614883 24909459941 0
1787576554 34615004 24909472155 0
1787576555 34615152 24909484427 0
1787576556 34615323 24909496552 0
1787576557 34615453 24909508759 0
1787576558 34615604 24909520900 0
1787576559 34615745 24909533148 0
1787576560 34615868 24909545308 0
1787576561 34615999 24909557509 0
1787576562 34616112 24909569603 0
1787576563 34616242 24909581787 0
1787576564 34616397 24909594197 0
1787576565 34616536 24909606406 0
1787576566 34616674 24909618554 0
1787576567 34616793 24909630691 0
1787576568 34616962 24909642932 0
1787576569 34617218 24909655008 0
1787576570 34617442 24909667041 0
1787576571 34617630 24909679164 0
1787576572 34617812 24909691320 0
1787576573 34618111 24909703346 0
1787576574 34618604 24909715378 0
1787576575 34618919 24909727421 0
1787576576 34619720 24909737491 0
1787576577 34620763 24909747286 0
1787576578 34621911 24909757433 0
1787576579 34622605 24909767955 0
1787576580 34622779 24909780164 0
1787576581 34622906 24909792335 0
1787576583 34622979 24909805193 0
