1787576519 34606421 24909062562 0
1787576520 34606699 24909074783 0
1787576521 34606848 24909086965 0
1787576522 34606958 24909099174 0
1787576523 34607092 24909111396 0
1787576524 34607204 24909123585 0
1787576525 34607343 24909135714 0
1787576526 34607496 24909148228 0
1787576527 34607656 24909160603 0
1787576528 34607769 24909172827 0
1787576529 34607883 24909184935 0
1787576530 34608071 24909197047 0
1787576531 34608189 24909209257 0
1787576532 34608303 24909221384 0
1787576533 34608420 24909233559 0
1787576534 34608583 24909245761 0
1787576535 34608716 24909257954 0
1787576536 34608833 24909270249 0
1787576537 34608957 24909282570 0
1787576538 34609110 24909294907 0
1787576539 34609364 24909306892 0
1787576540 34609510 24909319038 0
1787576541 34609652 24909331246 0
1787576542 34609870 24909343405 0
1787576543 34610328 24909355441 0
1787576544 34610780 24909367571 0
1787576546 34611429 24909379371 0
1787576547 34612440 24909389938 0
1787576548 34613533 24909400051 0
1787576549 34614360 24909411138 0
1787576550 34614493 24909423268 0
1787576551 34614616 24909435569 0
1787576552 34614755 24909447837 0
1787576553 34614886 24909460089 0
1787576554 34615007 24909472280 0
1787576555 34615153 24909484465 0
1787576556 34615324 24909496590 0
1787576557 34615453 24909508722 0
1787576558 34615604 24909520939 0
1787576559 34615743 24909533120 0
1787576560 34615868 24909545306 0
1787576561 34615999 24909557499 0
1787576562 34616115 24909569745 0
1787576563 34616246 24909581914 0
1787576564 34616397 24909594174 0
1787576565 34616544 24909607086 0
1787576566 34616679 24909619334 0
1787576567 34616803 24909631620 0
1787576568 34616983 24909643920 0
1787576569 34617240 24909655998 0
1787576570 34617450 24909668056 0
1787576571 34617640 24909680135 0
1787576572 34617833 24909692359 0
1787576573 34618151 24909704259 0
1787576574 34618650 24909716465 0
1787576575 34618954 24909728552 0
1787576576 34619808 24909738503 0
1787576577 34620907 24909748739 0
1787576578 34622028 24909758505 0
1787576580 34622627 24909769208 0
1787576581 34622788 24909781311 0
1787576582 34622926 24909793661 0
1787576583 34622986 24909806110 0
