1787579837 35540945 24947440191 0
1787579838 35541082 24947452437 0
1787579839 35541258 24947464652 0
1787579840 35541462 24947476949 0
1787579841 35541629 24947489049 0
1787579842 35541755 24947501245 0
1787579843 35541960 24947513257 0
1787579844 35542385 24947525287 0
1787579845 35542892 24947537359 0
1787579846 35543347 24947548992 0
1787579848 35544248 24947559285 0
1787579849 35545176 24947569396 0
1787579850 35546151 24947578885 0
1787579851 35546760 24947590040 0
1787579852 35546915 24947602364 0
1787579853 35547001 24947614582 0
1787579854 35547095 24947626801 0
1787579855 35547205 24947639284 0
1787579856 35547356 24947651532 0
1787579857 35547455 24947663774 0
1787579858 35547601 24947676104 0
1787579859 35547710 24947688462 0
1787579860 35547857 24947700808 0
1787579861 35547950 24947713072 0
1787579862 35548171 24947725292 0
1787579863 35548260 24947737569 0
1787579864 35548472 24947749945 0
1787579865 35548631 24947762149 0
1787579866 35548734 24947774595 0
1787579867 35548839 24947786859 0
1787579868 35548973 24947799126 0
1787579869 35549223 24947811290 0
1787579870 35549333 24947823393 0
1787579871 35549493 24947835840 0
1787579872 35549630 24947848095 0
1787579873 35549851 24947860347 0
1787579874 35550259 24947872635 0
1787579875 35550778 24947884638 0
1787579877 35551023 24947896782 0
1787579878 35551731 24947908011 0
1787579879 35552737 24947918348 0
1787579880 35553849 24947928297 0
1787579881 35554689 24947939160 0
1787579882 35554835 24947951271 0
1787579883 35555003 24947963589 0
1787579884 35555187 24947976131 0
1787579885 35555324 24947988534 0
1787579886 35555450 24948000750 0
1787579887 35555642 24948013038 0
1787579888 35555856 24948025223 0
1787579889 35556010 24948037478 0
1787579890 35556186 24948049919 0
1787579891 35556358 24948062232 0
1787579892 35556468 24948074441 0
1787579893 35556716 24948086898 0
1787579894 35556859 24948099196 0
1787579895 35557099 24948111529 0
1787579896 35557202 24948123880 0
1787579897 35557298 24948136244 0
1787579898 35557529 24948148428 0
1787579899 35557757 24948160470 0
1787579900 35558131 24948172551 0
1787579901 35558266 24948184838 0
