1787581031 35884884 24961280430 0
1787581032 35885050 24961292674 0
1787581033 35885156 24961305025 0
1787581034 35885281 24961317286 0
1787581035 35885434 24961330663 0
1787581036 35885552 24961342953 0
1787581037 35885680 24961355494 0
1787581038 35885859 24961367713 0
1787581039 35886193 24961380371 0
1787581040 35886446 24961393371 0
1787581041 35886903 24961406450 0
1787581042 35887322 24961418532 0
1787581043 35887914 24961430536 0
1787581044 35888691 24961442502 0
1787581045 35889323 24961454520 0
1787581046 35890378 24961464508 0
1787581047 35891704 24961474318 0
1787581048 35893032 24961484349 0
1787581049 35893802 24961495349 0
1787581050 35894201 24961507307 0
1787581051 35894513 24961519417 0
1787581052 35894787 24961531524 0
1787581053 35895214 24961543808 0
1787581054 35895725 24961555752 0
1787581055 35896133 24961567852 0
1787581057 35896481 24961580363 0
1787581058 35896739 24961593686 0
1787581059 35896944 24961605802 0
1787581060 35897143 24961617964 0
1787581061 35897336 24961630056 0
1787581062 35897652 24961642233 0
1787581063 35897909 24961654553 0
1787581064 35898137 24961666740 0
1787581065 35898339 24961679259 0
1787581066 35898541 24961691475 0
1787581067 35898842 24961704088 0
1787581068 35899093 24961716198 0
1787581069 35899458 24961728390 0
1787581070 35899855 24961740453 0
1787581071 35900169 24961752506 0
1787581072 35900478 24961764794 0
1787581073 35900822 24961776760 0
1787581074 35901360 24961788947 0
1787581075 35902067 24961800911 0
1787581076 35902585 24961812817 0
1787581077 35903638 24961822449 0
1787581078 35904842 24961832492 0
1787581079 35906097 24961842444 0
1787581080 35906670 24961854635 0
1787581081 35907016 24961866946 0
1787581082 35907443 24961879181 0
1787581083 35907763 24961891312 0
1787581084 35908227 24961903559 0
1787581085 35908522 24961915761 0
1787581087 35908769 24961927921 0
1787581088 35908961 24961940085 0
1787581089 35909195 24961952282 0
1787581090 35909543 24961964740 0
1787581091 35909723 24961976944 0
1787581092 35909969 24961989111 0
1787581093 35910277 24962001534 0
1787581094 35910511 24962014653 0
1787581095 35910779 24962026762 0
