1787579837 35540946 24947440236 0
1787579838 35541082 24947452459 0
1787579839 35541256 24947464607 0
1787579840 35541462 24947476950 0
1787579841 35541633 24947489174 0
1787579842 35541761 24947501398 0
1787579843 35541961 24947513282 0
1787579844 35542393 24947525425 0
1787579845 35542903 24947537848 0
1787579847 35543383 24947549343 0
1787579848 35544244 24947559234 0
1787579849 35545142 24947568911 0
1787579850 35546146 24947578839 0
1787579851 35546755 24947589821 0
1787579852 35546905 24947602033 0
1787579853 35547003 24947614846 0
1787579854 35547102 24947627467 0
1787579855 35547210 24947639668 0
1787579856 35547361 24947652020 0
1787579857 35547463 24947664267 0
1787579858 35547613 24947676794 0
1787579859 35547716 24947689035 0
1787579860 35547863 24947701427 0
1787579861 35547972 24947713666 0
1787579862 35548175 24947725785 0
1787579863 35548263 24947737958 0
1787579864 35548480 24947750670 0
1787579865 35548641 24947764027 0
1787579866 35548748 24947776273 0
1787579867 35548853 24947788568 0
1787579868 35548999 24947801249 0
1787579869 35549237 24947813412 0
1787579870 35549368 24947825547 0
1787579872 35549520 24947837697 0
1787579873 35549671 24947849976 0
1787579874 35549887 24947862012 0
1787579875 35550338 24947874197 0
1787579876 35550802 24947886199 0
1787579877 35551054 24947898256 0
1787579878 35551798 24947908742 0
1787579879 35552781 24947919033 0
1787579880 35553926 24947929069 0
1787579881 35554703 24947939668 0
1787579882 35554843 24947951827 0
1787579883 35555014 24947964081 0
1787579884 35555189 24947976252 0
1787579885 35555322 24947988422 0
1787579886 35555450 24948000750 0
1787579887 35555637 24948012896 0
1787579888 35555855 24948025129 0
1787579889 35556009 24948037419 0
1787579890 35556181 24948049549 0
1787579891 35556345 24948061759 0
1787579892 35556463 24948073951 0
1787579893 35556711 24948086124 0
1787579894 35556853 24948098714 0
1787579895 35557090 24948110953 0
1787579896 35557202 24948123855 0
1787579897 35557298 24948136215 0
1787579898 35557532 24948148580 0
1787579899 35557760 24948160640 0
1787579900 35558139 24948172777 0
1787579901 35558272 24948185398 0
