1787580328 35682045 24953141178 0
1787580329 35683014 24953151240 0
1787580330 35683996 24953161631 0
1787580331 35684904 24953171207 0
1787580332 35685027 24953183379 0
1787580333 35685147 24953195684 0
1787580334 35685260 24953208142 0
1787580335 35685367 24953220518 0
1787580336 35685463 24953232742 0
1787580337 35685628 24953245066 0
1787580339 35685740 24953257346 0
1787580340 35685851 24953269804 0
1787580341 35685960 24953281969 0
1787580342 35686108 24953294117 0
1787580343 35686187 24953306377 0
1787580344 35686288 24953318531 0
1787580345 35686422 24953330811 0
1787580346 35686540 24953343134 0
1787580347 35686642 24953355530 0
1787580348 35686759 24953367886 0
1787580349 35686949 24953380070 0
1787580350 35687146 24953392278 0
1787580351 35687404 24953404290 0
1787580352 35687568 24953416602 0
1787580353 35687691 24953428870 0
1787580354 35687838 24953440977 0
1787580355 35688110 24953453061 0
1787580356 35688505 24953465143 0
1787580357 35688887 24953477159 0
1787580358 35689408 24953488897 0
1787580359 35690198 24953497390 0
1787580360 35691261 24953506928 0
1787580361 35692413 24953517331 0
1787580362 35692884 24953528357 0
1787580363 35693048 24953540663 0
1787580364 35693216 24953552743 0
1787580365 35693348 24953565003 0
1787580366 35693495 24953577326 0
1787580367 35693638 24953589997 0
1787580368 35693737 24953602222 0
1787580369 35693840 24953614475 0
1787580370 35693981 24953626740 0
1787580371 35694147 24953638884 0
1787580373 35694301 24953651298 0
1787580374 35694458 24953663630 0
1787580375 35694565 24953675815 0
1787580376 35694731 24953688142 0
1787580377 35694831 24953700369 0
1787580378 35694963 24953712674 0
1787580379 35695100 24953724903 0
1787580380 35695323 24953737033 0
1787580381 35695446 24953749149 0
1787580382 35695589 24953761336 0
1787580383 35695757 24953773565 0
1787580384 35696060 24953785621 0
1787580385 35696423 24953797702 0
1787580386 35696870 24953810021 0
1787580387 35697355 24953821747 0
1787580388 35698433 24953832675 0
1787580389 35699510 24953842936 0
1787580390 35700462 24953852947 0
1787580391 35700808 24953864907 0
1787580392 35700977 24953877164 0
