1787581031 35884875 24961280186 0
1787581032 35885040 24961292325 0
1787581033 35885147 24961304531 0
1787581034 35885264 24961316653 0
1787581035 35885416 24961329050 0
1787581036 35885527 24961341363 0
1787581037 35885662 24961353713 0
1787581038 35885818 24961366036 0
1787581039 35886128 24961378334 0
1787581040 35886399 24961390464 0
1787581041 35886772 24961402609 0
1787581042 35887174 24961414758 0
1787581043 35887684 24961426831 0
1787581044 35888427 24961438727 0
1787581045 35889115 24961450717 0
1787581046 35890067 24961461499 0
1787581047 35891371 24961472041 0
1787581048 35892698 24961482047 0
1787581049 35893698 24961492477 0
1787581050 35894103 24961504478 0
1787581051 35894454 24961516858 0
1787581052 35894728 24961528950 0
1787581053 35895095 24961541052 0
1787581054 35895623 24961553120 0
1787581055 35896053 24961565642 0
1787581056 35896395 24961577859 0
1787581057 35896658 24961589958 0
1787581058 35896877 24961602098 0
1787581059 35897072 24961614335 0
1787581060 35897273 24961626488 0
1787581061 35897559 24961638738 0
1787581062 35897827 24961650964 0
1787581063 35898068 24961663190 0
1787581065 35898276 24961675518 0
1787581066 35898473 24961687736 0
1787581067 35898721 24961699973 0
1787581068 35899009 24961712155 0
1787581069 35899307 24961724233 0
1787581070 35899703 24961736394 0
1787581071 35900036 24961748562 0
1787581072 35900351 24961760660 0
1787581073 35900671 24961772720 0
1787581074 35901156 24961784739 0
1787581075 35901844 24961796744 0
1787581076 35902344 24961809069 0
1787581077 35903318 24961819586 0
1787581078 35904515 24961829684 0
1787581079 35905738 24961839760 0
1787581080 35906595 24961851459 0
1787581081 35906945 24961864522 0
1787581082 35907408 24961877765 0
1787581083 35907722 24961889892 0
1787581084 35908186 24961902015 0
1787581085 35908493 24961914153 0
1787581086 35908741 24961926260 0
1787581087 35908936 24961938441 0
1787581088 35909164 24961951128 0
1787581089 35909513 24961963267 0
1787581091 35909695 24961975430 0
1787581092 35909936 24961987928 0
1787581093 35910267 24962000994 0
1787581094 35910487 24962013160 0
