1787580328 35682045 24953141181 0
1787580329 35682965 24953150819 0
1787580330 35683922 24953160780 0
1787580331 35684880 24953170344 0
1787580332 35685014 24953182480 0
1787580333 35685136 24953194848 0
1787580334 35685246 24953207158 0
1787580335 35685357 24953219395 0
1787580336 35685455 24953231615 0
1787580337 35685615 24953244244 0
1787580339 35685742 24953257415 0
1787580340 35685854 24953269907 0
1787580341 35685968 24953282485 0
1787580342 35686119 24953295565 0
1787580343 35686200 24953307780 0
1787580344 35686306 24953320046 0
1787580345 35686444 24953332517 0
1787580346 35686552 24953344701 0
1787580347 35686653 24953356913 0
1787580348 35686772 24953369153 0
1787580349 35686977 24953381694 0
1787580350 35687179 24953393853 0
1787580351 35687418 24953405967 0
1787580352 35687596 24953418129 0
1787580353 35687703 24953430411 0
1787580354 35687859 24953442533 0
1787580355 35688155 24953454686 0
1787580356 35688570 24953466975 0
1787580357 35688922 24953478915 0
1787580358 35689537 24953490533 0
1787580359 35690419 24953499654 0
1787580361 35691679 24953511227 0
1787580362 35692744 24953521212 0
1787580363 35692963 24953533401 0
1787580364 35693113 24953545638 0
1787580365 35693287 24953558596 0
1787580366 35693414 24953571394 0
1787580367 35693546 24953583693 0
1787580368 35693687 24953595986 0
1787580369 35693782 24953608225 0
1787580370 35693925 24953620485 0
1787580371 35694102 24953633747 0
1787580372 35694238 24953646787 0
1787580373 35694405 24953660971 0
1787580374 35694543 24953673332 0
1787580375 35694704 24953685625 0
1787580376 35694806 24953697907 0
1787580377 35694939 24953710079 0
1787580378 35695065 24953722233 0
1787580380 35695304 24953735032 0
1787580381 35695409 24953747281 0
1787580382 35695550 24953759459 0
1787580383 35695721 24953771496 0
1787580384 35695992 24953783524 0
1787580385 35696325 24953795651 0
1787580386 35696817 24953807753 0
1787580387 35697148 24953819768 0
1787580388 35698150 24953829901 0
1787580389 35699192 24953839934 0
1787580390 35700147 24953850017 0
1787580391 35700777 24953861207 0
1787580392 35700940 24953873398 0
