1787580328 35682044 24953141175 0
1787580329 35682973 24953150888 0
1787580330 35683922 24953160785 0
1787580331 35684884 24953170402 0
1787580332 35685013 24953182476 0
1787580333 35685136 24953194848 0
1787580334 35685244 24953207078 0
1787580335 35685357 24953219387 0
1787580336 35685454 24953231578 0
1787580337 35685611 24953243873 0
1787580338 35685727 24953256209 0
1787580339 35685837 24953268433 0
1787580340 35685932 24953280655 0
1787580342 35686097 24953293115 0
1787580343 35686179 24953305449 0
1787580344 35686279 24953317745 0
1787580345 35686408 24953330163 0
1787580346 35686531 24953342430 0
1787580347 35686637 24953354777 0
1787580348 35686752 24953367090 0
1787580349 35686934 24953379306 0
1787580350 35687128 24953391447 0
1787580351 35687397 24953403455 0
1787580352 35687552 24953415638 0
1787580353 35687685 24953427871 0
1787580354 35687828 24953440059 0
1787580355 35688085 24953452206 0
1787580356 35688472 24953464352 0
1787580357 35688873 24953476303 0
1787580358 35689325 24953487974 0
1787580359 35690107 24953496480 0
1787580360 35691213 24953506565 0
1787580361 35692330 24953516717 0
1787580362 35692873 24953527652 0
1787580363 35693038 24953539791 0
1787580364 35693204 24953551907 0
1787580365 35693338 24953564110 0
1787580366 35693482 24953576374 0
1787580367 35693609 24953588562 0
1787580368 35693723 24953600723 0
1787580369 35693821 24953612950 0
1787580370 35693972 24953625181 0
1787580371 35694135 24953637457 0
1787580372 35694280 24953649818 0
1787580373 35694418 24953662142 0
1787580374 35694551 24953674332 0
1787580375 35694718 24953686675 0
1787580376 35694817 24953699054 0
1787580378 35694950 24953711274 0
1787580379 35695084 24953723760 0
1787580380 35695315 24953735945 0
1787580381 35695423 24953748130 0
1787580382 35695560 24953760329 0
1787580383 35695738 24953772379 0
1787580384 35696016 24953784419 0
1787580385 35696374 24953796611 0
1787580386 35696827 24953808754 0
1787580387 35697214 24953820785 0
1787580388 35698322 24953831448 0
1787580389 35699366 24953841605 0
1787580390 35700346 24953851714 0
1787580391 35700798 24953863215 0
1787580392 35700958 24953875394 0
