1787581031 35884878 24961280297 0
1787581032 35885048 24961292571 0
1787581033 35885154 24961304951 0
1787581034 35885278 24961317224 0
1787581035 35885421 24961329386 0
1787581036 35885532 24961341578 0
1787581037 35885665 24961353860 0
1787581038 35885820 24961366103 0
1787581039 35886125 24961378284 0
1787581040 35886398 24961390419 0
1787581041 35886770 24961402571 0
1787581042 35887174 24961414758 0
1787581043 35887686 24961426879 0
1787581044 35888434 24961438825 0
1787581045 35889120 24961450799 0
1787581046 35890062 24961461461 0
1787581047 35891352 24961471918 0
1787581048 35892697 24961482041 0
1787581049 35893709 24961492742 0
1787581050 35894121 24961504746 0
1787581051 35894454 24961516857 0
1787581052 35894731 24961529029 0
1787581053 35895101 24961541205 0
1787581054 35895629 24961553251 0
1787581055 35896037 24961565277 0
1787581056 35896422 24961578435 0
1787581057 35896673 24961590584 0
1787581058 35896892 24961602781 0
1787581059 35897086 24961614907 0
1787581060 35897285 24961627243 0
1787581061 35897577 24961639594 0
1787581063 35897841 24961651798 0
1787581064 35898083 24961664088 0
1787581065 35898290 24961676237 0
1787581066 35898486 24961688422 0
1787581067 35898734 24961700568 0
1787581068 35899016 24961712656 0
1787581069 35899325 24961724843 0
1787581070 35899730 24961736989 0
1787581071 35900048 24961749221 0
1787581072 35900374 24961761380 0
1787581073 35900693 24961773513 0
1787581074 35901180 24961785457 0
1787581075 35901933 24961797823 0
1787581076 35902384 24961809865 0
1787581077 35903312 24961819526 0
1787581078 35904495 24961829539 0
1787581079 35905708 24961839522 0
1787581080 35906579 24961851020 0
1787581081 35906896 24961863138 0
1787581082 35907319 24961875274 0
1787581083 35907649 24961888001 0
1787581084 35908150 24961900880 0
1787581085 35908472 24961913002 0
1787581086 35908722 24961925157 0
1787581087 35908914 24961937378 0
1787581088 35909115 24961949597 0
1787581089 35909487 24961961927 0
1787581090 35909672 24961974053 0
1787581091 35909878 24961986304 0
1787581092 35910206 24961998400 0
1787581093 35910426 24962010477 0
1787581094 35910702 24962022683 0
