1787579837 35540945 24947440189 0
1787579838 35541079 24947452349 0
1787579839 35541255 24947464590 0
1787579840 35541462 24947476933 0
1787579841 35541631 24947489097 0
1787579842 35541760 24947501369 0
1787579843 35541957 24947513216 0
1787579844 35542376 24947525143 0
1787579845 35542883 24947537082 0
1787579846 35543320 24947548793 0
1787579848 35544198 24947558704 0
1787579849 35545137 24947568855 0
1787579850 35546109 24947578474 0
1787579851 35546754 24947589800 0
1787579852 35546905 24947602038 0
1787579853 35546998 24947614417 0
1787579854 35547094 24947626747 0
1787579855 35547200 24947638934 0
1787579856 35547352 24947651263 0
1787579857 35547452 24947663517 0
1787579858 35547594 24947675784 0
1787579859 35547704 24947688021 0
1787579860 35547849 24947700314 0
1787579861 35547944 24947712598 0
1787579862 35548166 24947724896 0
1787579863 35548257 24947737211 0
1787579864 35548454 24947749427 0
1787579865 35548622 24947761563 0
1787579866 35548729 24947773841 0
1787579867 35548834 24947786168 0
1787579868 35548965 24947798468 0
1787579869 35549195 24947810653 0
1787579870 35549327 24947822860 0
1787579871 35549486 24947835087 0
1787579872 35549618 24947847306 0
1787579873 35549838 24947859369 0
1787579874 35550206 24947871573 0
1787579875 35550742 24947883616 0
1787579876 35551008 24947895661 0
1787579878 35551653 24947906966 0
1787579879 35552680 24947917629 0
1787579880 35553771 24947927707 0
1787579881 35554656 24947938299 0
1787579882 35554830 24947950551 0
1787579883 35554994 24947963370 0
1787579884 35555197 24947976526 0
1787579885 35555326 24947988638 0
1787579886 35555452 24948000875 0
1787579887 35555645 24948013126 0
1787579888 35555858 24948025309 0
1787579889 35556011 24948037530 0
1787579890 35556184 24948049715 0
1787579891 35556363 24948062426 0
1787579892 35556471 24948074600 0
1787579893 35556714 24948086787 0
1787579894 35556856 24948098953 0
1787579895 35557094 24948111152 0
1787579896 35557198 24948123508 0
1787579897 35557292 24948135776 0
1787579898 35557525 24948148206 0
1787579899 35557775 24948161182 0
1787579900 35558162 24948174075 0
1787579901 35558287 24948186270 0
