1787577454 34849172 24919925098 0
1787577455 34849364 24919937391 0
1787577456 34849551 24919949717 0
1787577457 34849798 24919962449 0
1787577459 34849959 24919975534 0
1787577460 34850152 24919987905 0
1787577461 34850272 24920000197 0
1787577462 34850443 24920012451 0
1787577463 34850595 24920024712 0
1787577464 34850749 24920037118 0
1787577465 34850885 24920049471 0
1787577466 34850994 24920061751 0
1787577467 34851119 24920074039 0
1787577468 34851248 24920086216 0
1787577469 34851491 24920098505 0
1787577470 34851871 24920110516 0
1787577471 34852026 24920122774 0
1787577472 34852206 24920134897 0
1787577473 34852379 24920147132 0
1787577474 34852698 24920159365 0
1787577475 34853252 24920171364 0
1787577476 34853583 24920183208 0
1787577477 34854377 24920193021 0
1787577478 34855502 24920203641 0
1787577479 34856640 24920213611 0
1787577480 34857151 24920224692 0
1787577481 34857348 24920236995 0
1787577482 34857491 24920249228 0
1787577483 34857608 24920261631 0
1787577484 34857744 24920274023 0
1787577485 34857874 24920286231 0
1787577486 34858030 24920298515 0
1787577488 34858183 24920310850 0
1787577489 34858330 24920324002 0
1787577490 34858476 24920336335 0
1787577491 34858642 24920348756 0
1787577492 34858792 24920361002 0
1787577493 34858930 24920374094 0
1787577494 34859080 24920386385 0
1787577495 34859202 24920398754 0
1787577496 34859351 24920411107 0
1787577497 34859473 24920423544 0
1787577498 34859620 24920436021 0
1787577499 34859864 24920448227 0
1787577500 34860189 24920460128 0
1787577501 34860409 24920472327 0
1787577502 34860558 24920484526 0
1787577503 34860821 24920496880 0
1787577504 34861294 24920508833 0
1787577505 34861741 24920520857 0
1787577506 34862377 24920532193 0
1787577507 34863353 24920542374 0
1787577508 34864486 24920552933 0
1787577509 34865340 24920563309 0
1787577510 34865499 24920575396 0
1787577511 34865672 24920587495 0
1787577512 34865805 24920599654 0
1787577514 34865941 24920611952 0
1787577515 34866071 24920624148 0
1787577516 34866185 24920636356 0
1787577517 34866335 24920649543 0
1787577518 34866457 24920661760 0
