1787577709 34917090 24922884687 0
1787577710 34917462 24922896764 0
1787577712 34917701 24922908943 0
1787577713 34917992 24922921514 0
1787577714 34918443 24922933544 0
1787577715 34919048 24922945813 0
1787577716 34919397 24922957765 0
1787577717 34920084 24922968277 0
1787577718 34920923 24922978667 0
1787577719 34921990 24922988354 0
1787577720 34923131 24922998493 0
1787577721 34923682 24923009756 0
1787577722 34923905 24923021816 0
1787577723 34924088 24923033955 0
1787577724 34924209 24923046245 0
1787577725 34924352 24923058435 0
1787577726 34924480 24923070716 0
1787577727 34924622 24923082981 0
1787577728 34924760 24923095149 0
1787577729 34924878 24923107376 0
1787577730 34925010 24923119634 0
1787577731 34925166 24923131889 0
1787577732 34925295 24923144191 0
1787577733 34925432 24923156469 0
1787577734 34925557 24923168736 0
1787577735 34925676 24923181568 0
1787577736 34925814 24923193920 0
1787577737 34925949 24923206158 0
1787577738 34926131 24923218398 0
1787577739 34926377 24923230630 0
1787577740 34926657 24923242565 0
1787577742 34926848 24923254675 0
1787577743 34926993 24923266915 0
1787577744 34927166 24923278967 0
1787577745 34927463 24923291007 0
1787577746 34927870 24923303052 0
1787577747 34928253 24923315150 0
1787577748 34928799 24923326736 0
1787577749 34929649 24923336372 0
1787577750 34930700 24923346252 0
1787577751 34931855 24923357397 0
1787577752 34932493 24923368680 0
1787577753 34932650 24923381927 0
1787577754 34932807 24923394143 0
1787577755 34932936 24923406349 0
1787577756 34933108 24923418585 0
1787577757 34933278 24923430876 0
1787577758 34933409 24923443343 0
1787577759 34933559 24923455636 0
1787577760 34933701 24923467883 0
1787577761 34933895 24923480174 0
1787577762 34934041 24923492497 0
1787577763 34934202 24923504875 0
1787577764 34934341 24923517130 0
1787577766 34934527 24923529539 0
1787577767 34934708 24923541863 0
1787577768 34934856 24923554241 0
1787577769 34935097 24923566314 0
1787577770 34935296 24923578517 0
1787577771 34935490 24923590713 0
1787577772 34935665 24923602877 0
1787577773 34935889 24923614938 0
