1787577709 34917088 24922884601 0
1787577710 34917460 24922896696 0
1787577712 34917697 24922908880 0
1787577713 34917993 24922921550 0
1787577714 34918446 24922933585 0
1787577715 34919046 24922945770 0
1787577716 34919393 24922957690 0
1787577717 34920078 24922968245 0
1787577718 34920939 24922978804 0
1787577719 34921998 24922988422 0
1787577720 34923131 24922998481 0
1787577721 34923681 24923009732 0
1787577722 34923905 24923021818 0
1787577723 34924090 24923034048 0
1787577724 34924215 24923046576 0
1787577725 34924357 24923058896 0
1787577726 34924487 24923071203 0
1787577727 34924630 24923083416 0
1787577728 34924765 24923095607 0
1787577729 34924886 24923107921 0
1787577730 34925017 24923120173 0
1787577731 34925173 24923132588 0
1787577732 34925302 24923144863 0
1787577733 34925440 24923157112 0
1787577734 34925575 24923169510 0
1787577735 34925680 24923181739 0
1787577736 34925814 24923193929 0
1787577737 34925949 24923206177 0
1787577738 34926132 24923218455 0
1787577739 34926375 24923230600 0
1787577740 34926652 24923242430 0
1787577741 34926843 24923254513 0
1787577743 34926988 24923266741 0
1787577744 34927163 24923278868 0
1787577745 34927470 24923291108 0
1787577746 34927879 24923303236 0
1787577747 34928255 24923315229 0
1787577748 34928797 24923326722 0
1787577749 34929677 24923336553 0
1787577750 34930761 24923346591 0
1787577751 34931791 24923356729 0
1787577752 34932474 24923367409 0
1787577753 34932612 24923379630 0
1787577754 34932770 24923392123 0
1787577755 34932901 24923404294 0
1787577756 34933075 24923416546 0
1787577757 34933258 24923428842 0
1787577758 34933378 24923441048 0
1787577759 34933529 24923453318 0
1787577760 34933671 24923465580 0
1787577761 34933863 24923477770 0
1787577762 34934020 24923490016 0
1787577763 34934180 24923502913 0
1787577764 34934317 24923515228 0
1787577765 34934506 24923527443 0
1787577766 34934647 24923539804 0
1787577767 34934832 24923552047 0
1787577768 34935039 24923564223 0
1787577769 34935279 24923576372 0
1787577770 34935450 24923588650 0
1787577772 34935645 24923600952 0
1787577773 34935852 24923613097 0
