1787577709 34917087 24922884584 0
1787577710 34917455 24922896595 0
1787577712 34917696 24922908755 0
1787577713 34917968 24922921093 0
1787577714 34918418 24922933000 0
1787577715 34919025 24922944985 0
1787577716 34919360 24922957003 0
1787577717 34920044 24922967264 0
1787577718 34920898 24922978374 0
1787577719 34922030 24922988651 0
1787577720 34923152 24922998694 0
1787577721 34923696 24923010100 0
1787577722 34923911 24923022139 0
1787577723 34924098 24923034312 0
1787577724 34924213 24923046553 0
1787577725 34924356 24923058776 0
1787577726 34924483 24923071018 0
1787577727 34924629 24923083409 0
1787577728 34924766 24923095709 0
1787577729 34924887 24923107969 0
1787577730 34925017 24923120176 0
1787577731 34925175 24923132626 0
1787577732 34925303 24923144905 0
1787577733 34925441 24923157152 0
1787577734 34925569 24923169335 0
1787577735 34925676 24923181534 0
1787577736 34925812 24923193872 0
1787577737 34925954 24923206314 0
1787577738 34926136 24923218540 0
1787577739 34926375 24923230600 0
1787577740 34926653 24923242452 0
1787577741 34926846 24923254620 0
1787577743 34926991 24923266858 0
1787577744 34927167 24923278975 0
1787577745 34927463 24923290980 0
1787577746 34927874 24923303124 0
1787577747 34928255 24923315224 0
1787577748 34928840 24923326937 0
1787577749 34929696 24923336684 0
1787577750 34930749 24923346511 0
1787577751 34931779 24923356629 0
1787577752 34932471 24923367335 0
1787577753 34932611 24923379559 0
1787577754 34932768 24923392030 0
1787577755 34932900 24923404236 0
1787577756 34933072 24923416444 0
1787577757 34933255 24923428741 0
1787577758 34933377 24923440932 0
1787577759 34933528 24923453287 0
1787577760 34933674 24923465715 0
1787577761 34933867 24923477959 0
1787577762 34934023 24923490278 0
1787577763 34934174 24923502493 0
1787577764 34934311 24923514914 0
1787577765 34934503 24923527135 0
1787577766 34934640 24923539461 0
1787577767 34934828 24923551840 0
1787577768 34935032 24923564026 0
1787577769 34935275 24923576226 0
1787577770 34935450 24923588638 0
1787577772 34935644 24923600849 0
1787577773 34935851 24923613073 0
