1787577454 34849172 24919925137 0
1787577455 34849362 24919937279 0
1787577456 34849545 24919949515 0
1787577458 34849781 24919961800 0
1787577459 34849951 24919975195 0
1787577460 34850144 24919987351 0
1787577461 34850263 24919999613 0
1787577462 34850430 24920011871 0
1787577463 34850584 24920024106 0
1787577464 34850742 24920036417 0
1787577465 34850877 24920048620 0
1787577466 34850977 24920060846 0
1787577467 34851106 24920073199 0
1787577468 34851235 24920085432 0
1787577469 34851476 24920097658 0
1787577470 34851860 24920109553 0
1787577471 34852008 24920121663 0
1787577472 34852191 24920133902 0
1787577473 34852346 24920146023 0
1787577474 34852656 24920157987 0
1787577475 34853211 24920170057 0
1787577476 34853534 24920181892 0
1787577477 34854266 24920192012 0
1787577478 34855364 24920202346 0
1787577479 34856457 24920212139 0
1787577480 34857126 24920222930 0
1787577481 34857308 24920234998 0
1787577482 34857467 24920247275 0
1787577483 34857582 24920259471 0
1787577484 34857724 24920271780 0
1787577485 34857851 24920283956 0
1787577486 34858006 24920296318 0
1787577487 34858154 24920308576 0
1787577488 34858282 24920320829 0
1787577489 34858435 24920333281 0
1787577490 34858606 24920345850 0
1787577491 34858761 24920358201 0
1787577492 34858895 24920370586 0
1787577494 34859038 24920382779 0
1787577495 34859167 24920395057 0
1787577496 34859318 24920407441 0
1787577497 34859424 24920419691 0
1787577498 34859576 24920432048 0
1787577499 34859777 24920444202 0
1787577500 34860148 24920456253 0
1787577501 34860350 24920468500 0
1787577502 34860503 24920480942 0
1787577503 34860700 24920492709 0
1787577504 34861087 24920504619 0
1787577505 34861628 24920516632 0
1787577506 34861977 24920528489 0
1787577507 34862949 24920538242 0
1787577508 34864045 24920548932 0
1787577509 34865154 24920559081 0
1787577510 34865448 24920571089 0
1787577511 34865621 24920583231 0
1787577512 34865753 24920595359 0
1787577513 34865889 24920607534 0
1787577514 34866019 24920619909 0
1787577515 34866147 24920632212 0
1787577516 34866264 24920644449 0
1787577517 34866404 24920656663 0
1787577518 34866531 24920668952 0
