1787577280 34801315 24917913428 0
1787577281 34801634 24917925627 0
1787577282 34801834 24917938371 0
1787577283 34802021 24917951425 0
1787577284 34802228 24917964719 0
1787577285 34802379 24917977104 0
1787577286 34802510 24917989431 0
1787577287 34802665 24918001607 0
1787577288 34802860 24918013752 0
1787577289 34803110 24918025873 0
1787577291 34803339 24918038123 0
1787577292 34803506 24918050275 0
1787577293 34803708 24918062347 0
1787577294 34804059 24918074297 0
1787577295 34804559 24918086345 0
1787577296 34804867 24918098287 0
1787577297 34805547 24918108514 0
1787577298 34806448 24918118289 0
1787577299 34807539 24918128474 0
1787577300 34808498 24918138751 0
1787577301 34808701 24918150899 0
1787577302 34808819 24918162984 0
1787577303 34808958 24918175180 0
1787577304 34809064 24918187320 0
1787577305 34809172 24918199465 0
1787577306 34809297 24918211619 0
1787577307 34809433 24918223738 0
1787577308 34809563 24918235873 0
1787577309 34809703 24918248046 0
1787577310 34809868 24918260312 0
1787577311 34809983 24918272577 0
1787577312 34810121 24918284951 0
1787577313 34810242 24918297112 0
1787577314 34810395 24918309249 0
1787577315 34810510 24918321447 0
1787577316 34810668 24918333749 0
1787577317 34810827 24918346051 0
1787577318 34810991 24918358215 0
1787577319 34811225 24918370431 0
1787577320 34811373 24918382614 0
1787577321 34811522 24918394795 0
1787577322 34811750 24918406822 0
1787577323 34812106 24918418788 0
1787577324 34812651 24918430754 0
1787577325 34812906 24918442864 0
1787577326 34813581 24918454105 0
1787577327 34814483 24918464461 0
1787577329 34815335 24918474224 0
1787577330 34816435 24918484380 0
1787577331 34816751 24918496196 0
1787577332 34816905 24918508443 0
1787577333 34817064 24918520726 0
1787577334 34817173 24918532971 0
1787577335 34817332 24918545159 0
1787577336 34817471 24918557323 0
1787577337 34817604 24918569511 0
1787577338 34817740 24918581730 0
1787577339 34817898 24918593980 0
1787577340 34818057 24918606225 0
1787577341 34818188 24918618387 0
1787577342 34818346 24918630707 0
1787577343 34818505 24918642901 0
1787577344 34818719 24918655352 0
