1787577454 34849172 24919925098 0
1787577455 34849365 24919937412 0
1787577456 34849552 24919949743 0
1787577457 34849788 24919962044 0
1787577459 34849952 24919975225 0
1787577460 34850146 24919987405 0
1787577461 34850264 24919999640 0
1787577462 34850431 24920011939 0
1787577463 34850588 24920024293 0
1787577464 34850746 24920036678 0
1787577465 34850880 24920048888 0
1787577466 34850982 24920061029 0
1787577467 34851109 24920073408 0
1787577468 34851237 24920085548 0
1787577469 34851480 24920097887 0
1787577470 34851864 24920109746 0
1787577471 34852016 24920122097 0
1787577472 34852197 24920134199 0
1787577473 34852360 24920146410 0
1787577474 34852664 24920158328 0
1787577475 34853224 24920170372 0
1787577476 34853548 24920182214 0
1787577477 34854294 24920192229 0
1787577478 34855351 24920202237 0
1787577479 34856466 24920212184 0
1787577480 34857140 24920223763 0
1787577481 34857323 24920235867 0
1787577482 34857479 24920248180 0
1787577483 34857591 24920260437 0
1787577484 34857731 24920272705 0
1787577485 34857862 24920284897 0
1787577486 34858011 24920297185 0
1787577487 34858161 24920309419 0
1787577488 34858291 24920321615 0
1787577489 34858442 24920333814 0
1787577490 34858609 24920346060 0
1787577491 34858763 24920358285 0
1787577492 34858894 24920370560 0
1787577494 34859041 24920382935 0
1787577495 34859170 24920395169 0
1787577496 34859318 24920407434 0
1787577497 34859424 24920419660 0
1787577498 34859574 24920431974 0
1787577499 34859776 24920444190 0
1787577500 34860149 24920456315 0
1787577501 34860350 24920468538 0
1787577502 34860503 24920480926 0
1787577503 34860699 24920492681 0
1787577504 34861086 24920504608 0
1787577505 34861627 24920516606 0
1787577506 34861977 24920528492 0
1787577507 34862947 24920538229 0
1787577508 34864007 24920548592 0
1787577509 34865152 24920559070 0
1787577510 34865449 24920571110 0
1787577511 34865621 24920583174 0
1787577512 34865753 24920595354 0
1787577513 34865890 24920607554 0
1787577514 34866016 24920619725 0
1787577515 34866143 24920631903 0
1787577516 34866265 24920644487 0
1787577517 34866406 24920656741 0
1787577518 34866531 24920668939 0
