1787577280 34801313 24917913396 0
1787577281 34801634 24917925617 0
1787577282 34801819 24917937856 0
1787577283 34802001 24917950118 0
1787577284 34802187 24917962297 0
1787577285 34802351 24917974442 0
1787577286 34802475 24917986574 0
1787577287 34802625 24917998772 0
1787577288 34802799 24918010989 0
1787577289 34803036 24918023227 0
1787577290 34803306 24918035235 0
1787577291 34803480 24918047383 0
1787577292 34803649 24918059487 0
1787577293 34803956 24918071487 0
1787577294 34804440 24918083466 0
1787577295 34804803 24918095643 0
1787577296 34805396 24918106755 0
1787577297 34806252 24918116366 0
1787577299 34807344 24918126673 0
1787577300 34808440 24918137331 0
1787577301 34808671 24918149642 0
1787577302 34808799 24918161721 0
1787577303 34808945 24918174085 0
1787577304 34809057 24918186443 0
1787577305 34809164 24918198627 0
1787577306 34809285 24918210923 0
1787577307 34809421 24918223093 0
1787577308 34809555 24918235505 0
1787577309 34809701 24918247810 0
1787577310 34809868 24918260348 0
1787577311 34809987 24918272726 0
1787577312 34810120 24918284905 0
1787577313 34810242 24918297112 0
1787577314 34810397 24918309354 0
1787577315 34810513 24918321667 0
1787577316 34810673 24918333991 0
1787577317 34810830 24918346168 0
1787577318 34810992 24918358245 0
1787577319 34811225 24918370422 0
1787577320 34811375 24918382688 0
1787577321 34811522 24918394796 0
1787577322 34811752 24918406854 0
1787577323 34812108 24918418830 0
1787577324 34812659 24918430923 0
1787577325 34812917 24918443225 0
1787577326 34813587 24918454170 0
1787577328 34814499 24918464729 0
1787577329 34815365 24918474428 0
1787577330 34816448 24918484488 0
1787577331 34816751 24918496237 0
1787577332 34816906 24918508451 0
1787577333 34817065 24918520803 0
1787577334 34817176 24918533093 0
1787577335 34817335 24918545346 0
1787577336 34817477 24918557705 0
1787577337 34817615 24918569976 0
1787577338 34817756 24918582646 0
1787577339 34817911 24918595092 0
1787577340 34818078 24918607524 0
1787577341 34818209 24918619918 0
1787577342 34818367 24918632151 0
1787577343 34818525 24918644607 0
1787577344 34818739 24918656887 0
