1787577280 34801316 24917913466 0
1787577281 34801637 24917925689 0
1787577282 34801825 24917938046 0
1787577283 34802003 24917950262 0
1787577284 34802193 24917962468 0
1787577285 34802355 24917975091 0
1787577286 34802486 24917987313 0
1787577287 34802634 24917999538 0
1787577288 34802817 24918011715 0
1787577289 34803056 24918023823 0
1787577290 34803315 24918035921 0
1787577291 34803488 24918048041 0
1787577292 34803663 24918060141 0
1787577293 34803990 24918072177 0
1787577294 34804465 24918084249 0
1787577295 34804819 24918096239 0
1787577296 34805428 24918107169 0
1787577298 34806282 24918116659 0
1787577299 34807363 24918126827 0
1787577300 34808480 24918138322 0
1787577301 34808696 24918150536 0
1787577302 34808812 24918162639 0
1787577303 34808953 24918174790 0
1787577304 34809062 24918187052 0
1787577305 34809169 24918199214 0
1787577306 34809295 24918211394 0
1787577307 34809432 24918223673 0
1787577308 34809563 24918235892 0
1787577309 34809704 24918248098 0
1787577310 34809872 24918260538 0
1787577311 34809987 24918272745 0
1787577312 34810121 24918284947 0
1787577313 34810242 24918297119 0
1787577314 34810395 24918309292 0
1787577315 34810510 24918321451 0
1787577316 34810668 24918333725 0
1787577317 34810824 24918345922 0
1787577318 34810991 24918358194 0
1787577319 34811223 24918370373 0
1787577320 34811372 24918382598 0
1787577321 34811522 24918394795 0
1787577322 34811753 24918406878 0
1787577323 34812111 24918418885 0
1787577324 34812657 24918430877 0
1787577325 34812910 24918442952 0
1787577326 34813566 24918453966 0
1787577327 34814445 24918463824 0
1787577328 34815276 24918473588 0
1787577330 34816357 24918483712 0
1787577331 34816744 24918495909 0
1787577332 34816901 24918508313 0
1787577333 34817062 24918520591 0
1787577334 34817170 24918532828 0
1787577335 34817331 24918545123 0
1787577336 34817471 24918557346 0
1787577337 34817605 24918569537 0
1787577338 34817740 24918581741 0
1787577339 34817899 24918594093 0
1787577340 34818060 24918606434 0
1787577341 34818193 24918618806 0
1787577342 34818352 24918631072 0
1787577343 34818513 24918643498 0
1787577344 34818724 24918655804 0
