1787574279 33996484 24883152330 0
1787574280 33996621 24883164615 0
1787574281 33996772 24883176724 0
1787574282 33996954 24883189080 0
1787574283 33997119 24883201328 0
1787574284 33997294 24883213648 0
1787574285 33997452 24883225756 0
1787574286 33997635 24883237995 0
1787574287 33997810 24883250295 0
1787574288 33998041 24883262401 0
1787574289 33998275 24883274663 0
1787574290 33998503 24883286876 0
1787574291 33998687 24883299201 0
1787574292 33998919 24883310797 0
1787574293 33999303 24883323023 0
1787574294 33999818 24883335017 0
1787574295 34000133 24883347015 0
1787574296 34001084 24883357034 0
1787574297 34002130 24883367081 0
1787574298 34003094 24883377256 0
1787574299 34003732 24883388316 0
1787574300 34003895 24883400380 0
1787574302 34004071 24883412850 0
1787574303 34004199 24883425082 0
1787574304 34004337 24883437339 0
1787574305 34004489 24883449448 0
1787574306 34004638 24883461647 0
1787574307 34004777 24883474144 0
1787574308 34004953 24883486354 0
1787574309 34005080 24883498769 0
1787574310 34005239 24883511016 0
1787574311 34005357 24883523188 0
1787574312 34005480 24883535419 0
1787574313 34005634 24883547648 0
1787574314 34005767 24883560003 0
1787574315 34005894 24883572140 0
1787574316 34006047 24883584290 0
1787574317 34006193 24883596476 0
1787574318 34006395 24883608685 0
1787574319 34006611 24883620831 0
1787574320 34007012 24883632532 0
1787574321 34007195 24883644676 0
1787574322 34007339 24883656950 0
1787574323 34007578 24883669275 0
1787574324 34007970 24883681380 0
1787574325 34008483 24883693376 0
1787574326 34008749 24883705369 0
1787574327 34009776 24883715468 0
1787574328 34010840 24883725977 0
1787574329 34011893 24883736031 0
1787574330 34012304 24883747517 0
1787574331 34012487 24883759630 0
1787574332 34012628 24883771745 0
1787574333 34012777 24883783944 0
1787574334 34012919 24883796155 0
1787574335 34013058 24883808403 0
1787574336 34013199 24883820605 0
1787574338 34013335 24883832922 0
1787574339 34013490 24883845160 0
1787574340 34013663 24883857536 0
1787574341 34013821 24883869887 0
1787574342 34013964 24883882111 0
1787574343 34014098 24883894488 0
