1787574368 34020750 24884183780 0
1787574369 34020882 24884196052 0
1787574370 34021015 24884208277 0
1787574371 34021165 24884220483 0
1787574372 34021310 24884232699 0
1787574373 34021460 24884244906 0
1787574374 34021612 24884257152 0
1787574375 34021767 24884269390 0
1787574376 34021927 24884281604 0
1787574377 34022095 24884293847 0
1787574378 34022323 24884306094 0
1787574379 34022623 24884318314 0
1787574380 34022818 24884330594 0
1787574381 34022961 24884342956 0
1787574382 34023194 24884355329 0
1787574383 34023530 24884367142 0
1787574384 34024093 24884379108 0
1787574385 34024410 24884391172 0
1787574386 34025312 24884401028 0
1787574387 34026353 24884411088 0
1787574388 34027322 24884420968 0
1787574389 34028013 24884431454 0
1787574390 34028196 24884443535 0
1787574391 34028374 24884455763 0
1787574392 34028560 24884467839 0
1787574393 34028763 24884479958 0
1787574395 34028931 24884492264 0
1787574396 34029100 24884504503 0
1787574397 34029270 24884516778 0
1787574398 34029400 24884529013 0
1787574399 34029590 24884541306 0
1787574400 34029734 24884553402 0
1787574401 34029888 24884565611 0
1787574402 34030025 24884577939 0
1787574403 34030205 24884590236 0
1787574404 34030406 24884602562 0
1787574405 34030578 24884614922 0
1787574406 34030700 24884627051 0
1787574407 34030855 24884639215 0
1787574408 34031027 24884651367 0
1787574409 34031292 24884663518 0
1787574410 34031502 24884675598 0
1787574411 34031683 24884687809 0
1787574412 34031831 24884699977 0
1787574413 34032171 24884711974 0
1787574414 34032648 24884723915 0
1787574415 34033030 24884735918 0
1787574416 34033769 24884746693 0
1787574417 34034723 24884756629 0
1787574418 34035784 24884766372 0
1787574419 34036698 24884776677 0
1787574420 34036871 24884788784 0
1787574421 34037039 24884800891 0
1787574422 34037174 24884813020 0
1787574423 34037303 24884825152 0
1787574424 34037439 24884837411 0
1787574425 34037571 24884849535 0
1787574426 34037706 24884861707 0
1787574427 34037879 24884873838 0
1787574428 34038027 24884885948 0
1787574429 34038181 24884898100 0
1787574430 34038332 24884910219 0
1787574431 34038512 24884922345 0
1787574432 34038701 24884934468 0
