1787574368 34020750 24884183817 0
1787574369 34020887 24884196596 0
1787574370 34021024 24884208755 0
1787574371 34021187 24884221876 0
1787574372 34021344 24884235078 0
1787574373 34021502 24884248046 0
1787574374 34021675 24884261089 0
1787574375 34021845 24884274255 0
1787574376 34022008 24884287150 0
1787574377 34022198 24884299311 0
1787574379 34022525 24884311360 0
1787574380 34022713 24884323899 0
1787574381 34022897 24884336022 0
1787574382 34023059 24884348092 0
1787574383 34023303 24884359982 0
1787574384 34023751 24884372032 0
1787574385 34024180 24884384175 0
1787574386 34024823 24884395693 0
1787574387 34025823 24884405700 0
1787574388 34026800 24884416032 0
1787574389 34027899 24884426685 0
1787574390 34028151 24884439545 0
1787574391 34028324 24884451702 0
1787574392 34028504 24884464456 0
1787574393 34028742 24884477494 0
1787574394 34028906 24884490376 0
1787574395 34029087 24884502687 0
1787574396 34029243 24884515318 0
1787574397 34029383 24884527540 0
1787574399 34029561 24884539771 0
1787574400 34029722 24884552381 0
1787574401 34029873 24884564515 0
1787574402 34030003 24884576609 0
1787574403 34030194 24884589232 0
1787574404 34030392 24884601424 0
1787574405 34030586 24884615388 0
1787574406 34030713 24884627589 0
1787574407 34030871 24884640450 0
1787574408 34031053 24884652575 0
1787574409 34031344 24884665464 0
1787574410 34031540 24884677666 0
1787574411 34031723 24884690485 0
1787574412 34031899 24884702606 0
1787574413 34032269 24884714997 0
1787574414 34032794 24884727125 0
1787574415 34033128 24884739102 0
1787574416 34034021 24884749400 0
1787574417 34035038 24884759364 0
1787574418 34036162 24884769684 0
1787574419 34036751 24884780587 0
1787574421 34036934 24884793292 0
1787574422 34037103 24884806552 0
1787574423 34037239 24884818676 0
1787574424 34037361 24884830823 0
1787574425 34037494 24884842940 0
1787574426 34037625 24884855114 0
1787574427 34037783 24884867320 0
1787574428 34037963 24884879488 0
1787574429 34038121 24884892401 0
1787574430 34038266 24884904552 0
1787574431 34038418 24884916665 0
1787574432 34038616 24884928747 0
