1787574279 33996484 24883152294 0
1787574280 33996621 24883164604 0
1787574281 33996772 24883176721 0
1787574282 33996952 24883188996 0
1787574283 33997117 24883201265 0
1787574284 33997289 24883213509 0
1787574285 33997449 24883225707 0
1787574286 33997637 24883238080 0
1787574287 33997807 24883250215 0
1787574288 33998035 24883262328 0
1787574289 33998271 24883274534 0
1787574290 33998501 24883286777 0
1787574291 33998686 24883299092 0
1787574292 33998918 24883310759 0
1787574293 33999299 24883322918 0
1787574294 33999816 24883334934 0
1787574295 34000133 24883347016 0
1787574296 34001071 24883356939 0
1787574297 34002141 24883367174 0
1787574298 34003106 24883377351 0
1787574299 34003735 24883388428 0
1787574301 34003898 24883400544 0
1787574302 34004071 24883412870 0
1787574303 34004199 24883425009 0
1787574304 34004331 24883437164 0
1787574305 34004483 24883449276 0
1787574306 34004631 24883461430 0
1787574307 34004765 24883473691 0
1787574308 34004945 24883486109 0
1787574309 34005075 24883498374 0
1787574310 34005232 24883510553 0
1787574311 34005351 24883522690 0
1787574312 34005477 24883535147 0
1787574313 34005629 24883547287 0
1787574314 34005761 24883559594 0
1787574315 34005889 24883571812 0
1787574316 34006044 24883584086 0
1787574317 34006194 24883596484 0
1787574318 34006395 24883608659 0
1787574319 34006610 24883620809 0
1787574320 34007012 24883632519 0
1787574321 34007197 24883644762 0
1787574322 34007346 24883657162 0
1787574323 34007576 24883669182 0
1787574324 34007965 24883681267 0
1787574325 34008487 24883693455 0
1787574326 34008753 24883705451 0
1787574327 34009764 24883715378 0
1787574328 34010818 24883725653 0
1787574329 34011884 24883735951 0
1787574330 34012303 24883747489 0
1787574331 34012498 24883759765 0
1787574332 34012631 24883771889 0
1787574333 34012781 24883784157 0
1787574334 34012923 24883796399 0
1787574335 34013060 24883808621 0
1787574337 34013204 24883820872 0
1787574338 34013337 24883833034 0
1787574339 34013492 24883845226 0
1787574340 34013667 24883857688 0
1787574341 34013821 24883869898 0
1787574342 34013963 24883882101 0
1787574343 34014094 24883894352 0
