1787574190 33972637 24882128425 0
1787574191 33972811 24882140564 0
1787574192 33972949 24882152916 0
1787574193 33973105 24882165130 0
1787574195 33973271 24882177314 0
1787574196 33973439 24882189476 0
1787574197 33973605 24882201763 0
1787574198 33973774 24882213925 0
1787574199 33974064 24882226015 0
1787574200 33974256 24882238117 0
1787574201 33974466 24882250319 0
1787574202 33974631 24882262696 0
1787574203 33974849 24882274871 0
1787574204 33975311 24882286851 0
1787574205 33975742 24882298861 0
1787574206 33976000 24882310821 0
1787574207 33976946 24882321022 0
1787574208 33977955 24882331025 0
1787574209 33978898 24882340535 0
1787574210 33979765 24882350839 0
1787574211 33979904 24882362903 0
1787574212 33980034 24882375057 0
1787574213 33980163 24882387518 0
1787574214 33980318 24882399837 0
1787574215 33980479 24882412134 0
1787574216 33980586 24882424485 0
1787574217 33980774 24882436650 0
1787574218 33980949 24882448991 0
1787574219 33981082 24882461268 0
1787574220 33981230 24882473707 0
1787574221 33981384 24882486087 0
1787574222 33981518 24882498507 0
1787574223 33981659 24882510906 0
1787574225 33981796 24882523427 0
1787574226 33981923 24882535860 0
1787574227 33982048 24882548390 0
1787574228 33982198 24882560728 0
1787574229 33982426 24882572957 0
1787574230 33982709 24882585223 0
1787574231 33982856 24882597516 0
1787574232 33983045 24882609701 0
1787574233 33983207 24882621900 0
1787574234 33983496 24882633699 0
1787574235 33984012 24882646533 0
1787574236 33984382 24882659549 0
1787574237 33985060 24882670338 0
1787574238 33986087 24882680870 0
1787574239 33987170 24882691710 0
1787574240 33988133 24882702937 0
1787574241 33988278 24882715116 0
1787574242 33988408 24882727271 0
1787574243 33988574 24882739507 0
1787574244 33988695 24882751834 0
1787574245 33988825 24882764141 0
1787574247 33988942 24882776364 0
1787574248 33989083 24882788713 0
1787574249 33989229 24882800926 0
1787574250 33989359 24882813214 0
1787574251 33989494 24882825386 0
1787574252 33989653 24882837601 0
1787574253 33989775 24882849903 0
1787574254 33989898 24882862136 0
