1787574279 33996483 24883152255 0
1787574280 33996618 24883164488 0
1787574281 33996774 24883176763 0
1787574282 33996968 24883189809 0
1787574283 33997149 24883202764 0
1787574284 33997333 24883216049 0
1787574285 33997520 24883229198 0
1787574286 33997713 24883242181 0
1787574287 33997886 24883255081 0
1787574289 33998181 24883267136 0
1787574290 33998366 24883280236 0
1787574291 33998582 24883292468 0
1787574292 33998796 24883304680 0
1787574293 33999085 24883316071 0
1787574294 33999586 24883328987 0
1787574295 33999955 24883341083 0
1787574296 34000635 24883352357 0
1787574297 34001717 24883363410 0
1787574298 34002735 24883373547 0
1787574299 34003650 24883383685 0
1787574300 34003836 24883396645 0
1787574301 34004021 24883409655 0
1787574302 34004163 24883421995 0
1787574303 34004290 24883434538 0
1787574304 34004444 24883446637 0
1787574305 34004597 24883458800 0
1787574306 34004729 24883471174 0
1787574307 34004906 24883483403 0
1787574308 34005050 24883495650 0
1787574310 34005210 24883507872 0
1787574311 34005336 24883520204 0
1787574312 34005449 24883532554 0
1787574313 34005601 24883544730 0
1787574314 34005738 24883557334 0
1787574315 34005871 24883569773 0
1787574316 34006016 24883582031 0
1787574317 34006163 24883594154 0
1787574318 34006345 24883606319 0
1787574319 34006564 24883618480 0
1787574320 34006988 24883630456 0
1787574321 34007162 24883642629 0
1787574322 34007312 24883654762 0
1787574323 34007536 24883666906 0
1787574324 34007897 24883679082 0
1787574325 34008422 24883691074 0
1787574326 34008702 24883703751 0
1787574327 34009680 24883714714 0
1787574328 34010902 24883726686 0
1787574330 34012026 24883737392 0
1787574331 34012365 24883751265 0
1787574332 34012548 24883763442 0
1787574333 34012695 24883776336 0
1787574334 34012861 24883789492 0
1787574335 34012974 24883801884 0
1787574336 34013116 24883814055 0
1787574337 34013263 24883826353 0
1787574338 34013401 24883838520 0
1787574339 34013564 24883850737 0
1787574340 34013730 24883862888 0
1787574341 34013886 24883875125 0
1787574342 34014013 24883887360 0
1787574343 34014152 24883900051 0
