1787574190 33972637 24882128421 0
1787574191 33972821 24882140945 0
1787574192 33972953 24882153168 0
1787574194 33973108 24882165283 0
1787574195 33973274 24882177567 0
1787574196 33973448 24882189795 0
1787574197 33973627 24882203104 0
1787574198 33973806 24882216009 0
1787574199 33974114 24882228008 0
1787574200 33974313 24882240965 0
1787574201 33974508 24882253898 0
1787574202 33974690 24882265999 0
1787574203 33974981 24882278137 0
1787574204 33975452 24882290053 0
1787574205 33975794 24882302112 0
1787574206 33976292 24882313684 0
1787574207 33977197 24882323734 0
1787574208 33978239 24882333905 0
1787574209 33979231 24882343515 0
1787574211 33979836 24882357186 0
1787574212 33979989 24882369458 0
1787574213 33980099 24882381668 0
1787574214 33980252 24882393796 0
1787574215 33980401 24882406046 0
1787574216 33980537 24882418391 0
1787574217 33980685 24882431299 0
1787574218 33980872 24882443465 0
1787574219 33981044 24882457596 0
1787574220 33981190 24882469987 0
1787574221 33981325 24882482175 0
1787574222 33981475 24882494632 0
1787574223 33981615 24882506885 0
1787574224 33981745 24882519365 0
1787574225 33981874 24882531627 0
1787574226 33981991 24882543882 0
1787574227 33982133 24882556209 0
1787574228 33982348 24882568518 0
1787574229 33982567 24882580821 0
1787574230 33982788 24882592945 0
1787574231 33982976 24882605165 0
1787574232 33983141 24882618227 0
1787574234 33983355 24882630125 0
1787574235 33983813 24882642212 0
1787574236 33984255 24882654252 0
1787574237 33984666 24882666233 0
1787574238 33985630 24882676299 0
1787574239 33986660 24882686783 0
1787574240 33987682 24882696940 0
1787574241 33988208 24882709137 0
1787574242 33988349 24882721393 0
1787574243 33988493 24882733528 0
1787574244 33988634 24882746142 0
1787574245 33988752 24882758486 0
1787574246 33988892 24882770670 0
1787574247 33989022 24882782940 0
1787574248 33989142 24882795267 0
1787574249 33989304 24882807448 0
1787574250 33989436 24882819630 0
1787574251 33989575 24882831842 0
1787574252 33989712 24882843960 0
1787574253 33989846 24882856573 0
1787574254 33989960 24882868840 0
