1787574368 34020750 24884183780 0
1787574369 34020881 24884195989 0
1787574370 34021015 24884208271 0
1787574371 34021168 24884220617 0
1787574372 34021315 24884232944 0
1787574373 34021466 24884245184 0
1787574374 34021616 24884257364 0
1787574375 34021771 24884269525 0
1787574376 34021928 24884281678 0
1787574377 34022101 24884294173 0
1787574378 34022353 24884307032 0
1787574379 34022637 24884319089 0
1787574380 34022837 24884331416 0
1787574381 34022971 24884343757 0
1787574382 34023207 24884356204 0
1787574383 34023560 24884368350 0
1787574384 34024121 24884380335 0
1787574385 34024452 24884392354 0
1787574386 34025443 24884402048 0
1787574387 34026392 24884411562 0
1787574388 34027405 24884421626 0
1787574389 34028038 24884432436 0
1787574390 34028210 24884444530 0
1787574392 34028388 24884456635 0
1787574393 34028576 24884468764 0
1787574394 34028772 24884480865 0
1787574395 34028946 24884493021 0
1787574396 34029106 24884505359 0
1787574397 34029279 24884517507 0
1787574398 34029409 24884529658 0
1787574399 34029601 24884541934 0
1787574400 34029750 24884554113 0
1787574401 34029899 24884566570 0
1787574402 34030039 24884578862 0
1787574403 34030222 24884591085 0
1787574404 34030421 24884603368 0
1787574405 34030592 24884615641 0
1787574406 34030716 24884627826 0
1787574407 34030863 24884639996 0
1787574408 34031043 24884652134 0
1787574409 34031313 24884664292 0
1787574410 34031511 24884676351 0
1787574411 34031701 24884688535 0
1787574412 34031849 24884700678 0
1787574413 34032200 24884712696 0
1787574414 34032687 24884724750 0
1787574415 34033053 24884736758 0
1787574416 34033808 24884747093 0
1787574417 34034779 24884757173 0
1787574418 34035881 24884767008 0
1787574419 34036703 24884777489 0
1787574420 34036877 24884789578 0
1787574421 34037048 24884801671 0
1787574422 34037184 24884813787 0
1787574423 34037314 24884825983 0
1787574424 34037446 24884838360 0
1787574425 34037577 24884850500 0
1787574426 34037724 24884862692 0
1787574427 34037897 24884874833 0
1787574428 34038045 24884887116 0
1787574429 34038194 24884899228 0
1787574430 34038349 24884911550 0
1787574431 34038539 24884923750 0
1787574433 34038731 24884935877 0
