1787574190 33972639 24882128485 0
1787574191 33972813 24882140682 0
1787574192 33972949 24882152872 0
1787574193 33973105 24882165178 0
1787574195 33973272 24882177419 0
1787574196 33973445 24882189570 0
1787574197 33973609 24882201902 0
1787574198 33973778 24882214096 0
1787574199 33974078 24882226193 0
1787574200 33974262 24882238318 0
1787574201 33974470 24882250511 0
1787574202 33974629 24882262615 0
1787574203 33974847 24882274798 0
1787574204 33975312 24882286873 0
1787574205 33975742 24882298942 0
1787574206 33976009 24882310973 0
1787574207 33976985 24882321319 0
1787574208 33978020 24882331556 0
1787574209 33978964 24882341185 0
1787574210 33979792 24882351576 0
1787574211 33979917 24882363676 0
1787574212 33980042 24882375928 0
1787574213 33980179 24882388269 0
1787574214 33980326 24882400632 0
1787574215 33980486 24882412846 0
1787574216 33980598 24882425242 0
1787574217 33980792 24882437549 0
1787574218 33980958 24882449722 0
1787574219 33981095 24882462102 0
1787574220 33981241 24882474305 0
1787574221 33981391 24882486486 0
1787574222 33981523 24882498819 0
1787574223 33981661 24882511025 0
1787574224 33981790 24882523251 0
1787574226 33981914 24882535446 0
1787574227 33982041 24882547689 0
1787574228 33982187 24882559948 0
1787574229 33982410 24882572127 0
1787574230 33982700 24882584275 0
1787574231 33982838 24882596490 0
1787574232 33983035 24882608690 0
1787574233 33983191 24882620965 0
1787574234 33983471 24882632888 0
1787574235 33983927 24882644827 0
1787574236 33984322 24882656836 0
1787574237 33984911 24882668406 0
1787574238 33985860 24882678839 0
1787574239 33986888 24882688863 0
1787574240 33987878 24882699122 0
1787574241 33988239 24882710907 0
1787574242 33988372 24882722959 0
1787574243 33988519 24882735397 0
1787574244 33988649 24882747690 0
1787574245 33988772 24882759870 0
1787574246 33988902 24882771977 0
1787574247 33989039 24882784090 0
1787574248 33989164 24882796285 0
1787574249 33989311 24882808550 0
1787574250 33989450 24882820752 0
1787574251 33989601 24882833012 0
1787574252 33989733 24882845290 0
1787574253 33989852 24882857513 0
1787574254 33989968 24882869649 0
