1787573685 33831983 24876276453 0
1787573686 33832222 24876288552 0
1787573687 33832439 24876300713 0
1787573688 33832698 24876312860 0
1787573689 33833052 24876324840 0
1787573690 33833343 24876336963 0
1787573691 33833646 24876349087 0
1787573692 33833845 24876361251 0
1787573693 33834118 24876373337 0
1787573694 33834558 24876385366 0
1787573695 33835133 24876397427 0
1787573696 33835540 24876409546 0
1787573697 33836411 24876419247 0
1787573698 33837513 24876429172 0
1787573699 33838670 24876439719 0
1787573701 33839343 24876452125 0
1787573702 33839599 24876464381 0
1787573703 33839842 24876476518 0
1787573704 33840127 24876488638 0
1787573705 33840366 24876500839 0
1787573706 33840612 24876513144 0
1787573707 33840817 24876525287 0
1787573708 33841038 24876537553 0
1787573709 33841259 24876549718 0
1787573710 33841406 24876562018 0
1787573711 33841572 24876574349 0
1787573712 33841697 24876586766 0
1787573713 33841825 24876599027 0
1787573714 33841940 24876611252 0
1787573715 33842089 24876623479 0
1787573716 33842217 24876635712 0
1787573717 33842392 24876647946 0
1787573718 33842545 24876660050 0
1787573719 33842867 24876672097 0
1787573720 33843068 24876684265 0
1787573721 33843265 24876696482 0
1787573722 33843500 24876708718 0
1787573723 33843821 24876720859 0
1787573724 33844361 24876732976 0
1787573725 33844664 24876744972 0
1787573726 33845342 24876756167 0
1787573728 33846443 24876766953 0
1787573729 33847540 24876777743 0
1787573730 33848580 24876787981 0
1787573731 33848781 24876800091 0
1787573732 33848963 24876812232 0
1787573733 33849113 24876824637 0
1787573734 33849275 24876836944 0
1787573735 33849411 24876849144 0
1787573736 33849533 24876861464 0
1787573737 33849682 24876873663 0
1787573738 33849880 24876885877 0
1787573739 33850022 24876898204 0
1787573740 33850166 24876910423 0
1787573741 33850312 24876922701 0
1787573742 33850492 24876934945 0
1787573743 33850624 24876947238 0
1787573744 33850797 24876959487 0
1787573745 33850935 24876971691 0
1787573746 33851073 24876983932 0
1787573747 33851249 24876996446 0
1787573748 33851416 24877009022 0
1787573749 33851678 24877021001 0
