1787573767 33856908 24877230371 0
1787573768 33857100 24877242613 0
1787573770 33857360 24877254858 0
1787573771 33857571 24877267239 0
1787573772 33857799 24877279482 0
1787573773 33857969 24877292144 0
1787573774 33858110 24877304546 0
1787573775 33858329 24877316934 0
1787573776 33858460 24877329079 0
1787573777 33858648 24877341821 0
1787573778 33858856 24877354042 0
1787573779 33859137 24877366175 0
1787573780 33859360 24877378376 0
1787573781 33859549 24877390515 0
1787573782 33859723 24877402753 0
1787573783 33859951 24877414904 0
1787573784 33860274 24877427171 0
1787573785 33860813 24877439200 0
1787573786 33861128 24877451157 0
1787573787 33861786 24877460894 0
1787573788 33862756 24877471219 0
1787573789 33863699 24877481053 0
1787573790 33864693 24877491162 0
1787573791 33865010 24877504040 0
1787573792 33865154 24877516181 0
1787573793 33865303 24877528552 0
1787573794 33865452 24877540669 0
1787573795 33865589 24877552985 0
1787573796 33865704 24877565278 0
1787573798 33865815 24877577589 0
1787573799 33865952 24877589932 0
1787573800 33866088 24877602254 0
1787573801 33866240 24877614449 0
1787573802 33866366 24877626634 0
1787573803 33866560 24877638891 0
1787573804 33866702 24877651130 0
1787573805 33866806 24877663311 0
1787573806 33866947 24877675449 0
1787573807 33867074 24877687714 0
1787573808 33867294 24877699901 0
1787573809 33867567 24877712081 0
1787573810 33867708 24877724223 0
1787573811 33867886 24877736320 0
1787573812 33868094 24877748435 0
1787573813 33868457 24877760304 0
1787573814 33868975 24877772201 0
1787573815 33869268 24877784313 0
1787573816 33869997 24877794760 0
1787573817 33870957 24877804390 0
1787573818 33871945 24877814816 0
1787573819 33872887 24877825439 0
1787573820 33873067 24877837638 0
1787573821 33873250 24877849793 0
1787573822 33873413 24877862055 0
1787573823 33873558 24877874334 0
1787573824 33873719 24877886591 0
1787573825 33873905 24877899261 0
1787573826 33874045 24877911622 0
1787573827 33874198 24877923897 0
1787573828 33874388 24877936265 0
1787573829 33874541 24877948561 0
1787573830 33874739 24877960915 0
1787573832 33874931 24877973057 0
