1787573852 33881006 24878209148 0
1787573853 33881265 24878221199 0
1787573854 33881561 24878233731 0
1787573855 33881827 24878245752 0
1787573856 33881980 24878258005 0
1787573857 33882223 24878270781 0
1787573858 33882435 24878283160 0
1787573859 33882623 24878297007 0
1787573861 33882826 24878309820 0
1787573862 33882973 24878322020 0
1787573863 33883119 24878334178 0
1787573864 33883267 24878346415 0
1787573865 33883413 24878358660 0
1787573866 33883557 24878370963 0
1787573867 33883705 24878383303 0
1787573868 33883876 24878395577 0
1787573869 33884085 24878407846 0
1787573870 33884391 24878419941 0
1787573871 33884603 24878432013 0
1787573872 33884850 24878444248 0
1787573873 33885038 24878456568 0
1787573874 33885272 24878468535 0
1787573875 33885685 24878480595 0
1787573876 33886206 24878492614 0
1787573877 33886466 24878504558 0
1787573878 33887250 24878514719 0
1787573879 33888184 24878524341 0
1787573880 33889239 24878534203 0
1787573881 33890145 24878543884 0
1787573882 33890338 24878556068 0
1787573883 33890471 24878568330 0
1787573884 33890609 24878580528 0
1787573885 33890778 24878592764 0
1787573886 33890917 24878605064 0
1787573887 33891099 24878617302 0
1787573888 33891257 24878629477 0
1787573889 33891423 24878641682 0
1787573890 33891611 24878653918 0
1787573891 33891776 24878666176 0
1787573892 33891913 24878678451 0
1787573893 33892059 24878690753 0
1787573894 33892208 24878703148 0
1787573895 33892419 24878715372 0
1787573897 33892555 24878727678 0
1787573898 33892747 24878739958 0
1787573899 33893008 24878752442 0
1787573900 33893200 24878764704 0
1787573901 33893383 24878776890 0
1787573902 33893562 24878789356 0
1787573903 33893765 24878801555 0
1787573904 33894028 24878811830 0
1787573905 33894504 24878823928 0
1787573906 33894910 24878835914 0
1787573907 33895310 24878847909 0
1787573908 33896245 24878858071 0
1787573909 33897221 24878868479 0
1787573910 33898377 24878879018 0
1787573911 33898828 24878890113 0
1787573912 33899050 24878902540 0
1787573913 33899204 24878914839 0
1787573914 33899357 24878927219 0
1787573915 33899569 24878939539 0
1787573916 33899741 24878951770 0
