1787573852 33881006 24878209148 0
1787573853 33881266 24878221234 0
1787573854 33881556 24878233320 0
1787573855 33881835 24878245989 0
1787573856 33881985 24878258102 0
1787573857 33882211 24878270225 0
1787573858 33882434 24878283133 0
1787573859 33882597 24878295397 0
1787573860 33882790 24878307928 0
1787573861 33882945 24878320182 0
1787573862 33883110 24878333137 0
1787573864 33883249 24878345392 0
1787573865 33883405 24878357630 0
1787573866 33883542 24878369862 0
1787573867 33883681 24878382247 0
1787573868 33883855 24878394610 0
1787573869 33884074 24878406817 0
1787573870 33884359 24878419027 0
1787573871 33884585 24878431220 0
1787573872 33884836 24878443470 0
1787573873 33885023 24878455585 0
1787573874 33885241 24878467481 0
1787573875 33885643 24878479966 0
1787573876 33886188 24878491993 0
1787573877 33886444 24878503939 0
1787573878 33887205 24878514206 0
1787573879 33888111 24878523693 0
1787573880 33889270 24878534443 0
1787573881 33890158 24878544204 0
1787573882 33890342 24878556396 0
1787573883 33890476 24878568523 0
1787573884 33890614 24878580709 0
1787573885 33890782 24878592946 0
1787573886 33890918 24878605124 0
1787573887 33891103 24878617368 0
1787573888 33891259 24878629540 0
1787573889 33891426 24878641762 0
1787573890 33891612 24878654040 0
1787573891 33891778 24878666233 0
1787573892 33891913 24878678429 0
1787573893 33892055 24878690590 0
1787573894 33892199 24878702827 0
1787573895 33892406 24878715034 0
1787573896 33892549 24878727427 0
1787573898 33892743 24878739761 0
1787573899 33892996 24878752059 0
1787573900 33893192 24878764233 0
1787573901 33893376 24878776480 0
1787573902 33893550 24878788766 0
1787573903 33893744 24878800899 0
1787573904 33893997 24878810941 0
1787573905 33894447 24878823012 0
1787573906 33894895 24878835088 0
1787573907 33895221 24878847201 0
1787573908 33896144 24878857210 0
1787573909 33897109 24878866970 0
1787573910 33898099 24878876881 0
1787573911 33898793 24878887390 0
1787573912 33898990 24878899527 0
1787573913 33899157 24878911726 0
1787573914 33899316 24878923919 0
1787573915 33899532 24878936376 0
1787573916 33899684 24878948741 0
