1787573767 33856911 24877230489 0
1787573769 33857108 24877242867 0
1787573770 33857379 24877255577 0
1787573771 33857584 24877267738 0
1787573772 33857825 24877280455 0
1787573773 33857986 24877292737 0
1787573774 33858129 24877305003 0
1787573775 33858342 24877317744 0
1787573776 33858483 24877329902 0
1787573777 33858654 24877342101 0
1787573778 33858864 24877354293 0
1787573779 33859146 24877366390 0
1787573780 33859362 24877378454 0
1787573781 33859564 24877390948 0
1787573782 33859750 24877404081 0
1787573783 33859971 24877416163 0
1787573784 33860319 24877428360 0
1787573785 33860855 24877440391 0
1787573786 33861161 24877452319 0
1787573787 33861870 24877461970 0
1787573788 33862835 24877472543 0
1787573789 33863865 24877482454 0
1787573790 33864809 24877492596 0
1787573791 33865026 24877504723 0
1787573792 33865184 24877517378 0
1787573793 33865316 24877529676 0
1787573795 33865461 24877541835 0
1787573796 33865596 24877554100 0
1787573797 33865711 24877566377 0
1787573798 33865823 24877578769 0
1787573799 33865967 24877591197 0
1787573800 33866099 24877603346 0
1787573801 33866253 24877615577 0
1787573802 33866380 24877627809 0
1787573803 33866568 24877639893 0
1787573804 33866712 24877652162 0
1787573805 33866821 24877664415 0
1787573806 33866965 24877676790 0
1787573807 33867100 24877689121 0
1787573808 33867311 24877701372 0
1787573809 33867581 24877713518 0
1787573810 33867740 24877725626 0
1787573811 33867909 24877737769 0
1787573812 33868115 24877749665 0
1787573813 33868492 24877761630 0
1787573814 33869019 24877773587 0
1787573815 33869309 24877785599 0
1787573816 33870088 24877795707 0
1787573817 33871059 24877805306 0
1787573818 33872002 24877815413 0
1787573819 33872898 24877825781 0
1787573820 33873072 24877837890 0
1787573821 33873257 24877850135 0
1787573822 33873420 24877862551 0
1787573823 33873568 24877874881 0
1787573824 33873729 24877887247 0
1787573825 33873909 24877899513 0
1787573826 33874050 24877911760 0
1787573827 33874200 24877923980 0
1787573828 33874387 24877936215 0
1787573829 33874538 24877948407 0
1787573830 33874726 24877960588 0
1787573832 33874929 24877972853 0
