1787573685 33831983 24876276445 0
1787573686 33832224 24876288726 0
1787573687 33832443 24876300991 0
1787573688 33832709 24876313246 0
1787573689 33833061 24876325263 0
1787573690 33833357 24876337357 0
1787573691 33833655 24876349524 0
1787573692 33833864 24876361706 0
1787573693 33834132 24876373766 0
1787573694 33834574 24876385749 0
1787573695 33835143 24876397710 0
1787573696 33835552 24876409737 0
1787573697 33836437 24876419572 0
1787573698 33837573 24876429708 0
1787573699 33838697 24876439989 0
1787573700 33839327 24876451517 0
1787573702 33839585 24876463898 0
1787573703 33839833 24876476140 0
1787573704 33840116 24876488262 0
1787573705 33840359 24876500465 0
1787573706 33840597 24876512692 0
1787573707 33840806 24876524842 0
1787573708 33841038 24876537551 0
1787573709 33841257 24876549655 0
1787573710 33841402 24876561896 0
1787573711 33841568 24876574047 0
1787573712 33841692 24876586345 0
1787573713 33841821 24876598653 0
1787573714 33841938 24876610894 0
1787573715 33842083 24876623082 0
1787573716 33842210 24876635416 0
1787573717 33842387 24876647711 0
1787573718 33842543 24876660012 0
1787573719 33842861 24876671909 0
1787573720 33843063 24876684116 0
1787573721 33843263 24876696323 0
1787573722 33843500 24876708715 0
1787573723 33843821 24876720848 0
1787573724 33844357 24876732918 0
1787573725 33844663 24876744965 0
1787573726 33845378 24876756530 0
1787573728 33846460 24876767085 0
1787573729 33847545 24876777783 0
1787573730 33848561 24876787597 0
1787573731 33848777 24876799695 0
1787573732 33848958 24876811739 0
1787573733 33849103 24876824158 0
1787573734 33849271 24876836571 0
1787573735 33849406 24876848775 0
1787573736 33849521 24876861109 0
1787573737 33849671 24876873323 0
1787573738 33849873 24876885539 0
1787573739 33850016 24876897738 0
1787573740 33850157 24876909949 0
1787573741 33850308 24876922170 0
1787573742 33850482 24876934479 0
1787573743 33850615 24876946668 0
1787573744 33850783 24876958897 0
1787573745 33850944 24876972042 0
1787573746 33851083 24876984332 0
1787573747 33851252 24876996573 0
1787573748 33851411 24877008858 0
1787573749 33851676 24877020865 0
