1787573767 33856909 24877230428 0
1787573768 33857102 24877242673 0
1787573770 33857367 24877255150 0
1787573771 33857574 24877267330 0
1787573772 33857803 24877279567 0
1787573773 33857972 24877292309 0
1787573774 33858111 24877304560 0
1787573775 33858328 24877316774 0
1787573776 33858462 24877329118 0
1787573777 33858640 24877341304 0
1787573778 33858846 24877353568 0
1787573779 33859126 24877365740 0
1787573780 33859355 24877377877 0
1787573781 33859552 24877390594 0
1787573782 33859723 24877402760 0
1787573783 33859954 24877415041 0
1787573784 33860272 24877427128 0
1787573785 33860815 24877439249 0
1787573786 33861131 24877451230 0
1787573787 33861787 24877460907 0
1787573788 33862738 24877470951 0
1787573789 33863681 24877480904 0
1787573790 33864662 24877490813 0
1787573791 33865002 24877503062 0
1787573792 33865142 24877515287 0
1787573793 33865294 24877527610 0
1787573794 33865448 24877540043 0
1787573795 33865583 24877552235 0
1787573796 33865695 24877564503 0
1787573797 33865804 24877576732 0
1787573798 33865933 24877589025 0
1787573800 33866070 24877601306 0
1787573801 33866220 24877613426 0
1787573802 33866352 24877625587 0
1787573803 33866545 24877637807 0
1787573804 33866690 24877650071 0
1787573805 33866796 24877662441 0
1787573806 33866932 24877674808 0
1787573807 33867063 24877687122 0
1787573808 33867282 24877699346 0
1787573809 33867561 24877711462 0
1787573810 33867695 24877723656 0
1787573811 33867876 24877735792 0
1787573812 33868082 24877747924 0
1787573813 33868442 24877759809 0
1787573814 33868957 24877771834 0
1787573815 33869252 24877784034 0
1787573816 33869995 24877794746 0
1787573817 33870964 24877804438 0
1787573818 33871934 24877814735 0
1787573819 33872887 24877825442 0
1787573820 33873064 24877837524 0
1787573821 33873246 24877849697 0
1787573822 33873410 24877861823 0
1787573823 33873552 24877874014 0
1787573824 33873714 24877886385 0
1787573825 33873894 24877898582 0
1787573826 33874034 24877910944 0
1787573827 33874187 24877923336 0
1787573828 33874376 24877935622 0
1787573829 33874532 24877947864 0
1787573830 33874720 24877960151 0
1787573831 33874917 24877972415 0
