1787573685 33831987 24876276635 0
1787573686 33832223 24876288686 0
1787573687 33832444 24876301090 0
1787573688 33832712 24876313328 0
1787573689 33833063 24876325324 0
1787573690 33833357 24876337358 0
1787573691 33833655 24876349518 0
1787573692 33833863 24876361697 0
1787573693 33834134 24876373815 0
1787573694 33834585 24876385923 0
1787573695 33835150 24876397902 0
1787573696 33835562 24876409905 0
1787573697 33836481 24876419927 0
1787573698 33837586 24876429823 0
1787573699 33838715 24876440128 0
1787573701 33839331 24876451660 0
1787573702 33839584 24876463883 0
1787573703 33839831 24876476053 0
1787573704 33840115 24876488217 0
1787573705 33840359 24876500358 0
1787573706 33840596 24876512661 0
1787573707 33840805 24876524814 0
1787573708 33841031 24876537028 0
1787573709 33841251 24876549358 0
1787573710 33841394 24876561584 0
1787573711 33841562 24876573803 0
1787573712 33841690 24876586053 0
1787573713 33841817 24876598549 0
1787573714 33841937 24876610777 0
1787573715 33842083 24876623059 0
1787573716 33842213 24876635637 0
1787573717 33842387 24876647769 0
1787573718 33842547 24876660134 0
1787573719 33842867 24876672106 0
1787573720 33843069 24876684271 0
1787573721 33843277 24876697265 0
1787573722 33843513 24876709387 0
1787573723 33843844 24876721362 0
1787573724 33844387 24876733414 0
1787573725 33844682 24876745597 0
1787573726 33845390 24876756626 0
1787573727 33846503 24876767520 0
1787573729 33847556 24876777888 0
1787573730 33848575 24876787903 0
1787573731 33848780 24876800080 0
1787573732 33848963 24876812231 0
1787573733 33849113 24876824644 0
1787573734 33849274 24876836905 0
1787573735 33849410 24876849071 0
1787573736 33849527 24876861230 0
1787573737 33849676 24876873440 0
1787573738 33849878 24876885766 0
1787573739 33850018 24876897990 0
1787573740 33850162 24876910261 0
1787573741 33850311 24876922586 0
1787573742 33850488 24876934742 0
1787573743 33850619 24876946952 0
1787573744 33850793 24876959236 0
1787573745 33850930 24876971421 0
1787573746 33851071 24876983789 0
1787573747 33851241 24876996159 0
1787573748 33851407 24877008513 0
1787573749 33851672 24877020629 0
