1787573852 33881006 24878209151 0
1787573853 33881265 24878221198 0
1787573854 33881560 24878233545 0
1787573855 33881823 24878245633 0
1787573856 33881981 24878258027 0
1787573857 33882219 24878270582 0
1787573858 33882426 24878282897 0
1787573859 33882596 24878295254 0
1787573860 33882775 24878307474 0
1787573861 33882938 24878319792 0
1787573862 33883107 24878332586 0
1787573863 33883238 24878344891 0
1787573865 33883400 24878357303 0
1787573866 33883535 24878369680 0
1787573867 33883674 24878381922 0
1787573868 33883844 24878394045 0
1787573869 33884063 24878406280 0
1787573870 33884339 24878418379 0
1787573871 33884573 24878430441 0
1787573872 33884829 24878443011 0
1787573873 33885016 24878455263 0
1787573874 33885237 24878467355 0
1787573875 33885626 24878479384 0
1787573876 33886173 24878491359 0
1787573877 33886415 24878503372 0
1787573878 33887158 24878513693 0
1787573879 33888086 24878523484 0
1787573880 33889212 24878534000 0
1787573881 33890154 24878544105 0
1787573882 33890342 24878556402 0
1787573883 33890476 24878568523 0
1787573884 33890614 24878580709 0
1787573885 33890782 24878592963 0
1787573886 33890919 24878605129 0
1787573887 33891099 24878617303 0
1787573888 33891262 24878629661 0
1787573889 33891431 24878642016 0
1787573890 33891618 24878654316 0
1787573891 33891789 24878666777 0
1787573892 33891925 24878679258 0
1787573893 33892068 24878691551 0
1787573895 33892228 24878703872 0
1787573896 33892439 24878716196 0
1787573897 33892574 24878729038 0
1787573898 33892768 24878741348 0
1787573899 33893038 24878753633 0
1787573900 33893211 24878765961 0
1787573901 33893412 24878778120 0
1787573902 33893577 24878790523 0
1787573903 33893808 24878802897 0
1787573904 33894087 24878813093 0
1787573905 33894571 24878825324 0
1787573906 33894932 24878837492 0
1787573907 33895460 24878849157 0
1787573908 33896347 24878858949 0
1787573909 33897363 24878869592 0
1787573910 33898452 24878880037 0
1787573911 33898858 24878892608 0
1787573912 33899075 24878904858 0
1787573913 33899244 24878917291 0
1787573914 33899396 24878929596 0
1787573915 33899594 24878941962 0
1787573916 33899769 24878954208 0
