1787573432 33763492 24873328215 0
1787573433 33763757 24873340304 0
1787573434 33763976 24873352400 0
1787573435 33764204 24873365116 0
1787573436 33764459 24873378107 0
1787573437 33764667 24873390246 0
1787573438 33764844 24873402414 0
1787573439 33765019 24873414718 0
1787573440 33765150 24873426904 0
1787573441 33765276 24873439081 0
1787573442 33765408 24873451235 0
1787573443 33765526 24873463362 0
1787573444 33765780 24873475334 0
1787573445 33766011 24873487393 0
1787573446 33766253 24873499458 0
1787573447 33766480 24873511697 0
1787573448 33766775 24873523855 0
1787573449 33767100 24873535905 0
1787573450 33767336 24873548000 0
1787573451 33767560 24873560153 0
1787573452 33767856 24873571892 0
1787573453 33768404 24873583904 0
1787573454 33768915 24873595838 0
1787573455 33769286 24873607887 0
1787573456 33770192 24873618080 0
1787573457 33771226 24873628603 0
1787573459 33772181 24873639325 0
1787573460 33772949 24873650825 0
1787573461 33773235 24873662995 0
1787573462 33773518 24873675125 0
1787573463 33773774 24873687213 0
1787573464 33774050 24873699353 0
1787573465 33774321 24873711474 0
1787573466 33774610 24873723596 0
1787573467 33774819 24873735755 0
1787573468 33775048 24873747951 0
1787573469 33775302 24873760050 0
1787573470 33775528 24873772311 0
1787573471 33775751 24873784470 0
1787573472 33775982 24873796667 0
1787573473 33776227 24873808867 0
1787573474 33776487 24873821805 0
1787573475 33776726 24873834780 0
1787573476 33776917 24873846902 0
1787573477 33777125 24873859275 0
1787573478 33777416 24873871656 0
1787573479 33777720 24873883784 0
1787573480 33778011 24873895851 0
1787573481 33778232 24873908013 0
1787573482 33778504 24873919771 0
1787573483 33779067 24873931737 0
1787573484 33779629 24873943854 0
1787573485 33780167 24873955326 0
1787573486 33780940 24873964331 0
1787573487 33781949 24873974398 0
1787573488 33783022 24873984930 0
1787573489 33783577 24873996592 0
1787573490 33783764 24874008858 0
1787573492 33783957 24874021075 0
1787573493 33784149 24874033335 0
1787573494 33784385 24874045377 0
1787573495 33784619 24874057641 0
1787573496 33784889 24874071948 0
