1787573515 33787348 24874301841 0
1787573516 33787843 24874313714 0
1787573517 33788819 24874323646 0
1787573518 33789889 24874333953 0
1787573519 33790980 24874344207 0
1787573520 33791438 24874356148 0
1787573521 33791645 24874368380 0
1787573522 33791884 24874381009 0
1787573523 33792121 24874392962 0
1787573524 33792372 24874405126 0
1787573525 33792514 24874417292 0
1787573527 33792641 24874429587 0
1787573528 33792781 24874441855 0
1787573529 33792920 24874454148 0
1787573530 33793055 24874466495 0
1787573531 33793196 24874478678 0
1787573532 33793338 24874491022 0
1787573533 33793470 24874503280 0
1787573534 33793631 24874515464 0
1787573535 33793757 24874527677 0
1787573536 33793947 24874539885 0
1787573537 33794102 24874552417 0
1787573538 33794249 24874564666 0
1787573539 33794536 24874576915 0
1787573540 33794699 24874589164 0
1787573541 33794907 24874601313 0
1787573542 33795050 24874613535 0
1787573543 33795279 24874625825 0
1787573544 33795739 24874637983 0
1787573545 33796078 24874649992 0
1787573546 33796324 24874662120 0
1787573547 33797141 24874671833 0
1787573548 33798290 24874681978 0
1787573549 33799553 24874692570 0
1787573550 33799782 24874704621 0
1787573551 33799914 24874716795 0
1787573552 33800039 24874729010 0
1787573553 33800198 24874741337 0
1787573554 33800418 24874753836 0
1787573555 33800598 24874766094 0
1787573556 33800737 24874778250 0
1787573557 33800887 24874790413 0
1787573559 33801059 24874802717 0
1787573560 33801192 24874814933 0
1787573561 33801349 24874827206 0
1787573562 33801483 24874839452 0
1787573563 33801624 24874851703 0
1787573564 33801767 24874864046 0
1787573565 33801927 24874876295 0
1787573566 33802057 24874888430 0
1787573567 33802201 24874900764 0
1787573568 33802344 24874913012 0
1787573569 33802594 24874925657 0
1787573570 33802772 24874937976 0
1787573571 33802936 24874950094 0
1787573572 33803125 24874962182 0
1787573573 33803442 24874973971 0
1787573574 33804020 24874986116 0
1787573575 33804310 24874998186 0
1787573576 33805015 24875009078 0
1787573577 33806223 24875019758 0
1787573578 33807338 24875029888 0
1787573579 33808031 24875040979 0
