1787573515 33787349 24874301878 0
1787573516 33787827 24874313602 0
1787573517 33788832 24874323768 0
1787573518 33789892 24874333980 0
1787573519 33791022 24874344582 0
1787573520 33791445 24874356359 0
1787573521 33791664 24874369277 0
1787573522 33791895 24874381340 0
1787573523 33792131 24874393328 0
1787573525 33792382 24874406026 0
1787573526 33792528 24874418233 0
1787573527 33792655 24874430631 0
1787573528 33792798 24874443041 0
1787573529 33792948 24874455351 0
1787573530 33793072 24874467836 0
1787573531 33793221 24874480113 0
1787573532 33793361 24874492395 0
1787573533 33793489 24874504588 0
1787573534 33793654 24874516893 0
1787573535 33793777 24874529089 0
1787573536 33793964 24874541407 0
1787573537 33794116 24874553713 0
1787573538 33794263 24874565923 0
1787573539 33794558 24874578122 0
1787573540 33794719 24874590313 0
1787573541 33794918 24874602532 0
1787573542 33795076 24874614907 0
1787573543 33795313 24874626997 0
1787573544 33795782 24874638988 0
1787573545 33796114 24874650987 0
1787573546 33796350 24874663121 0
1787573547 33797216 24874672694 0
1787573548 33798365 24874682763 0
1787573549 33799620 24874693090 0
1787573550 33799790 24874705151 0
1787573551 33799925 24874717400 0
1787573552 33800055 24874729528 0
1787573553 33800210 24874742317 0
1787573554 33800430 24874754458 0
1787573555 33800610 24874766649 0
1787573557 33800747 24874778875 0
1787573558 33800899 24874791153 0
1787573559 33801089 24874803492 0
1787573560 33801200 24874815674 0
1787573561 33801364 24874828063 0
1787573562 33801492 24874840205 0
1787573563 33801635 24874852578 0
1787573564 33801788 24874864898 0
1787573565 33801943 24874877148 0
1787573566 33802069 24874889536 0
1787573567 33802214 24874901937 0
1787573568 33802365 24874914227 0
1787573569 33802603 24874926390 0
1787573570 33802792 24874938769 0
1787573571 33802942 24874950938 0
1787573572 33803137 24874962991 0
1787573573 33803474 24874974766 0
1787573574 33804043 24874986819 0
1787573575 33804325 24874998789 0
1787573576 33805015 24875009073 0
1787573577 33806168 24875019324 0
1787573578 33807267 24875029263 0
1787573579 33808026 24875040267 0
