1787573515 33787348 24874301835 0
1787573516 33787879 24874313951 0
1787573517 33788937 24874324601 0
1787573518 33789963 24874334496 0
1787573519 33791065 24874345112 0
1787573521 33791485 24874357902 0
1787573522 33791704 24874370866 0
1787573523 33791955 24874383960 0
1787573524 33792228 24874396721 0
1787573525 33792415 24874408873 0
1787573526 33792550 24874421195 0
1787573527 33792685 24874433584 0
1787573528 33792823 24874445745 0
1787573529 33792976 24874457989 0
1787573530 33793114 24874470279 0
1787573531 33793243 24874482774 0
1787573532 33793399 24874495151 0
1787573533 33793539 24874507636 0
1787573534 33793693 24874519874 0
1787573535 33793830 24874532021 0
1787573536 33793991 24874544336 0
1787573537 33794153 24874556706 0
1787573538 33794322 24874568964 0
1787573539 33794593 24874581054 0
1787573540 33794779 24874593233 0
1787573541 33794959 24874606336 0
1787573542 33795136 24874618555 0
1787573543 33795435 24874630630 0
1787573544 33795918 24874642591 0
1787573545 33796171 24874654639 0
1787573547 33796681 24874666778 0
1787573548 33797676 24874676402 0
1787573549 33798797 24874686497 0
1787573550 33799720 24874696965 0
1787573551 33799824 24874709122 0
1787573552 33799969 24874721292 0
1787573553 33800119 24874733465 0
1787573554 33800263 24874745645 0
1787573555 33800499 24874757801 0
1787573556 33800663 24874770089 0
1787573557 33800814 24874782341 0
1787573558 33800932 24874794576 0
1787573559 33801124 24874806820 0
1787573560 33801238 24874819353 0
1787573561 33801410 24874831587 0
1787573562 33801531 24874843862 0
1787573563 33801672 24874856212 0
1787573564 33801852 24874868480 0
1787573565 33801989 24874880770 0
1787573566 33802117 24874893141 0
1787573567 33802246 24874905466 0
1787573568 33802450 24874917665 0
1787573569 33802639 24874929917 0
1787573570 33802837 24874942173 0
1787573571 33802988 24874954587 0
1787573572 33803207 24874966829 0
1787573573 33803658 24874978967 0
1787573574 33804136 24874991039 0
1787573575 33804447 24875003195 0
1787573576 33805413 24875012838 0
1787573577 33806567 24875023020 0
1787573579 33807709 24875033014 0
