1787573600 33809778 24875283806 0
1787573601 33809998 24875296023 0
1787573602 33810222 24875308295 0
1787573603 33810471 24875320536 0
1787573604 33810801 24875332279 0
1787573605 33811355 24875344365 0
1787573606 33811843 24875356906 0
1787573607 33812009 24875369057 0
1787573608 33812166 24875381223 0
1787573609 33812337 24875393406 0
1787573610 33812486 24875405714 0
1787573611 33812623 24875417814 0
1787573612 33812856 24875429869 0
1787573613 33813714 24875440264 0
1787573614 33814950 24875451900 0
1787573615 33816128 24875463037 0
1787573616 33816529 24875474738 0
1787573617 33816691 24875486952 0
1787573618 33816852 24875499231 0
1787573619 33816976 24875511336 0
1787573620 33817108 24875523543 0
1787573621 33817216 24875535868 0
1787573622 33817333 24875548061 0
1787573623 33817435 24875560329 0
1787573625 33817541 24875572614 0
1787573626 33817610 24875585022 0
1787573627 33817650 24875597410 0
1787573628 33817703 24875609816 0
1787573629 33817832 24875622051 0
1787573630 33818014 24875634167 0
1787573631 33818080 24875646306 0
1787573632 33818141 24875658677 0
1787573633 33818210 24875670882 0
1787573634 33818361 24875682657 0
1787573635 33818661 24875694774 0
1787573636 33819039 24875706915 0
1787573637 33819376 24875718710 0
1787573638 33820322 24875728014 0
1787573639 33821260 24875737904 0
1787573640 33822211 24875748086 0
1787573641 33822794 24875759441 0
1787573642 33823024 24875771522 0
1787573643 33823173 24875783648 0
1787573644 33823351 24875796224 0
1787573645 33823492 24875808394 0
1787573646 33823688 24875820561 0
1787573647 33823853 24875833256 0
1787573648 33824024 24875845411 0
1787573649 33824143 24875857795 0
1787573650 33824344 24875870058 0
1787573651 33824464 24875882363 0
1787573652 33824635 24875894601 0
1787573653 33824752 24875906844 0
1787573654 33824921 24875919158 0
1787573655 33825073 24875931367 0
1787573656 33825205 24875944045 0
1787573657 33825380 24875956319 0
1787573658 33825614 24875968580 0
1787573660 33825811 24875980772 0
1787573661 33826034 24875992964 0
1787573662 33826161 24876005259 0
1787573663 33826374 24876017450 0
1787573664 33826691 24876029487 0
