1787573600 33809781 24875283836 0
1787573601 33809998 24875296012 0
1787573602 33810240 24875308882 0
1787573603 33810520 24875322083 0
1787573604 33810881 24875333864 0
1787573605 33811462 24875346350 0
1787573606 33811868 24875358494 0
1787573607 33812040 24875371495 0
1787573608 33812208 24875383767 0
1787573609 33812366 24875395881 0
1787573610 33812507 24875407985 0
1787573611 33812665 24875420021 0
1787573612 33812925 24875432200 0
1787573613 33813903 24875441966 0
1787573614 33814933 24875451789 0
1787573615 33816074 24875462518 0
1787573616 33816522 24875474358 0
1787573617 33816682 24875486487 0
1787573618 33816848 24875498618 0
1787573619 33816970 24875510822 0
1787573620 33817103 24875522914 0
1787573621 33817211 24875535250 0
1787573622 33817324 24875547452 0
1787573623 33817426 24875559741 0
1787573624 33817529 24875572070 0
1787573626 33817602 24875584424 0
1787573627 33817641 24875596647 0
1787573628 33817688 24875608840 0
1787573629 33817817 24875620981 0
1787573630 33818008 24875633117 0
1787573631 33818074 24875645463 0
1787573632 33818137 24875657723 0
1787573633 33818201 24875669937 0
1787573634 33818328 24875681753 0
1787573635 33818627 24875693887 0
1787573636 33819015 24875705956 0
1787573637 33819321 24875717895 0
1787573638 33820264 24875727635 0
1787573639 33821235 24875737631 0
1787573640 33822202 24875748020 0
1787573641 33822802 24875759704 0
1787573642 33823029 24875771806 0
1787573643 33823180 24875783931 0
1787573644 33823347 24875796042 0
1787573645 33823488 24875808191 0
1787573646 33823685 24875820461 0
1787573647 33823847 24875832736 0
1787573648 33824018 24875845080 0
1787573649 33824132 24875857332 0
1787573650 33824338 24875869698 0
1787573651 33824453 24875881851 0
1787573652 33824627 24875894129 0
1787573653 33824743 24875906468 0
1787573654 33824911 24875918830 0
1787573655 33825069 24875931233 0
1787573656 33825201 24875943600 0
1787573657 33825370 24875955919 0
1787573658 33825599 24875968051 0
1787573660 33825809 24875980331 0
1787573661 33826026 24875992619 0
1787573662 33826157 24876004930 0
1787573663 33826366 24876017135 0
1787573664 33826682 24876029282 0
