1787573432 33763492 24873328215 0
1787573433 33763760 24873340460 0
1787573434 33763982 24873352605 0
1787573435 33764219 24873365635 0
1787573436 33764452 24873377895 0
1787573437 33764663 24873390018 0
1787573438 33764843 24873402136 0
1787573439 33765009 24873414348 0
1787573440 33765145 24873426541 0
1787573441 33765271 24873438733 0
1787573442 33765403 24873450919 0
1787573443 33765522 24873463106 0
1787573444 33765774 24873475179 0
1787573445 33766009 24873487272 0
1787573446 33766252 24873499402 0
1787573447 33766475 24873511577 0
1787573448 33766766 24873523580 0
1787573449 33767096 24873535629 0
1787573450 33767331 24873547904 0
1787573451 33767557 24873560033 0
1787573452 33767848 24873571677 0
1787573453 33768396 24873583727 0
1787573454 33768911 24873595719 0
1787573455 33769279 24873607701 0
1787573456 33770169 24873617881 0
1787573457 33771235 24873628675 0
1787573458 33772173 24873639226 0
1787573460 33772947 24873650705 0
1787573461 33773230 24873662865 0
1787573462 33773511 24873675003 0
1787573463 33773770 24873687110 0
1787573464 33774044 24873699217 0
1787573465 33774318 24873711333 0
1787573466 33774605 24873723484 0
1787573467 33774817 24873735699 0
1787573468 33775048 24873747957 0
1787573469 33775308 24873760225 0
1787573470 33775530 24873772324 0
1787573471 33775754 24873784536 0
1787573472 33775984 24873796801 0
1787573473 33776231 24873808955 0
1787573474 33776462 24873821103 0
1787573475 33776688 24873833211 0
1787573476 33776892 24873845420 0
1787573477 33777088 24873857550 0
1787573478 33777359 24873869808 0
1787573479 33777694 24873881907 0
1787573480 33777960 24873893932 0
1787573481 33778192 24873906015 0
1787573482 33778461 24873917855 0
1787573483 33778977 24873930148 0
1787573484 33779598 24873942818 0
1787573485 33780081 24873954673 0
1787573486 33780832 24873963367 0
1787573487 33781862 24873973585 0
1787573488 33782868 24873983649 0
1787573489 33783547 24873995094 0
1787573490 33783733 24874007180 0
1787573491 33783923 24874019304 0
1787573492 33784125 24874031579 0
1787573493 33784361 24874043741 0
1787573494 33784572 24874055899 0
1787573495 33784799 24874068062 0
1787573497 33785019 24874080241 0
