1787573432 33763492 24873328224 0
1787573433 33763759 24873340426 0
1787573434 33763995 24873353447 0
1787573435 33764238 24873366542 0
1787573436 33764475 24873378705 0
1787573437 33764687 24873391325 0
1787573438 33764859 24873403398 0
1787573439 33765034 24873415581 0
1787573440 33765162 24873427750 0
1787573441 33765287 24873439909 0
1787573442 33765415 24873452140 0
1787573443 33765539 24873464312 0
1787573444 33765818 24873476792 0
1787573445 33766041 24873488873 0
1787573446 33766295 24873500944 0
1787573447 33766516 24873513066 0
1787573448 33766810 24873525083 0
1787573449 33767116 24873537138 0
1787573450 33767362 24873549286 0
1787573451 33767579 24873561393 0
1787573452 33767912 24873573346 0
1787573453 33768488 24873585271 0
1787573454 33768955 24873597213 0
1787573455 33769340 24873609281 0
1787573456 33770323 24873619204 0
1787573457 33771298 24873629563 0
1787573459 33772183 24873639331 0
1787573460 33772953 24873650888 0
1787573461 33773234 24873662985 0
1787573462 33773514 24873675066 0
1787573463 33773772 24873687185 0
1787573464 33774044 24873699205 0
1787573465 33774321 24873711457 0
1787573466 33774613 24873723643 0
1787573467 33774821 24873735773 0
1787573468 33775048 24873747957 0
1787573469 33775302 24873760050 0
1787573470 33775527 24873772282 0
1787573471 33775751 24873784473 0
1787573472 33775982 24873796686 0
1787573473 33776224 24873808801 0
1787573474 33776459 24873821007 0
1787573475 33776688 24873833196 0
1787573476 33776891 24873845270 0
1787573477 33777090 24873857652 0
1787573478 33777368 24873869918 0
1787573479 33777695 24873881936 0
1787573480 33777964 24873894035 0
1787573481 33778196 24873906299 0
1787573482 33778469 24873918226 0
1787573483 33778991 24873930452 0
1787573484 33779584 24873942395 0
1787573485 33780032 24873954153 0
1787573486 33780796 24873963060 0
1787573487 33781857 24873973545 0
1787573488 33782863 24873983615 0
1787573489 33783547 24873995046 0
1787573490 33783733 24874007235 0
1787573491 33783928 24874019466 0
1787573492 33784126 24874031584 0
1787573493 33784361 24874043740 0
1787573494 33784570 24874055840 0
1787573495 33784794 24874067971 0
1787573497 33785019 24874080172 0
