1787573600 33809782 24875283864 0
1787573601 33809998 24875296012 0
1787573602 33810226 24875308413 0
1787573603 33810493 24875321377 0
1787573604 33810887 24875334032 0
1787573605 33811452 24875346064 0
1787573606 33811874 24875358996 0
1787573607 33812035 24875371171 0
1787573608 33812202 24875383310 0
1787573609 33812363 24875395427 0
1787573610 33812503 24875407576 0
1787573611 33812652 24875419667 0
1787573612 33812900 24875431840 0
1787573613 33813910 24875442033 0
1787573614 33814927 24875451737 0
1787573615 33816047 24875462285 0
1787573616 33816514 24875473794 0
1787573617 33816668 24875486039 0
1787573618 33816846 24875498258 0
1787573619 33816967 24875510540 0
1787573620 33817101 24875522749 0
1787573621 33817210 24875535076 0
1787573622 33817325 24875547559 0
1787573623 33817429 24875559847 0
1787573624 33817531 24875572142 0
1787573625 33817599 24875584325 0
1787573627 33817640 24875596525 0
1787573628 33817688 24875608870 0
1787573629 33817817 24875620981 0
1787573630 33818009 24875633157 0
1787573631 33818073 24875645345 0
1787573632 33818135 24875657534 0
1787573633 33818198 24875669711 0
1787573634 33818328 24875681732 0
1787573635 33818623 24875693800 0
1787573636 33819014 24875705925 0
1787573637 33819320 24875717892 0
1787573638 33820248 24875727510 0
1787573639 33821234 24875737620 0
1787573640 33822192 24875747931 0
1787573641 33822791 24875759356 0
1787573642 33823023 24875771455 0
1787573643 33823172 24875783571 0
1787573644 33823340 24875795646 0
1787573645 33823485 24875807933 0
1787573646 33823676 24875820152 0
1787573647 33823844 24875832336 0
1787573648 33824014 24875844609 0
1787573649 33824127 24875856907 0
1787573650 33824324 24875869010 0
1787573651 33824441 24875881230 0
1787573652 33824620 24875893455 0
1787573653 33824733 24875905855 0
1787573654 33824902 24875918218 0
1787573655 33825051 24875930404 0
1787573656 33825191 24875942783 0
1787573657 33825358 24875955153 0
1787573658 33825572 24875967231 0
1787573659 33825798 24875979410 0
1787573660 33826002 24875991575 0
1787573661 33826146 24876003809 0
1787573662 33826343 24876015973 0
1787573664 33826639 24876028018 0
