1787574020 33925240 24880162236 0
1787574021 33925491 24880174423 0
1787574022 33925761 24880186497 0
1787574023 33926233 24880198189 0
1787574024 33926831 24880210147 0
1787574026 33927192 24880222218 0
1787574027 33927978 24880233061 0
1787574028 33929097 24880243391 0
1787574029 33930138 24880253103 0
1787574030 33930846 24880263998 0
1787574031 33931062 24880276158 0
1787574032 33931238 24880288242 0
1787574033 33931402 24880300687 0
1787574034 33931538 24880312863 0
1787574035 33931687 24880325159 0
1787574036 33931817 24880337354 0
1787574037 33931990 24880349469 0
1787574038 33932131 24880361644 0
1787574039 33932294 24880373847 0
1787574040 33932438 24880386060 0
1787574041 33932658 24880398346 0
1787574042 33932840 24880410558 0
1787574043 33933009 24880423227 0
1787574044 33933201 24880435337 0
1787574045 33933397 24880447591 0
1787574046 33933568 24880459939 0
1787574047 33933736 24880472159 0
1787574048 33933977 24880484432 0
1787574049 33934255 24880496913 0
1787574050 33934442 24880509028 0
1787574051 33934642 24880521083 0
1787574052 33934811 24880533790 0
1787574053 33935116 24880545412 0
1787574054 33935606 24880557415 0
1787574055 33935943 24880569472 0
1787574057 33936506 24880581063 0
1787574058 33937446 24880590617 0
1787574059 33938593 24880600713 0
1787574060 33939637 24880610730 0
1787574061 33939903 24880622361 0
1787574062 33940094 24880634574 0
1787574063 33940229 24880647227 0
1787574064 33940408 24880659712 0
1787574065 33940514 24880671881 0
1787574066 33940690 24880684336 0
1787574067 33940865 24880696496 0
1787574068 33941060 24880708610 0
1787574069 33941222 24880720658 0
1787574070 33941432 24880732873 0
1787574071 33941606 24880745055 0
1787574072 33941748 24880757637 0
1787574073 33941877 24880769811 0
1787574074 33942007 24880782038 0
1787574075 33942111 24880794181 0
1787574076 33942248 24880806390 0
1787574077 33942372 24880818541 0
1787574078 33942544 24880830585 0
1787574079 33942834 24880842558 0
1787574080 33943019 24880854712 0
1787574081 33943186 24880866932 0
1787574082 33943366 24880879196 0
1787574083 33943642 24880891242 0
1787574084 33944067 24880903367 0
