1787573938 33903666 24879201129 0
1787573939 33904783 24879212294 0
1787573940 33905737 24879222417 0
1787573941 33906041 24879234894 0
1787573942 33906279 24879246951 0
1787573943 33906520 24879258871 0
1787573944 33906734 24879271731 0
1787573945 33906917 24879283734 0
1787573946 33907057 24879295851 0
1787573947 33907167 24879308083 0
1787573948 33907299 24879320232 0
1787573949 33907418 24879332491 0
1787573950 33907560 24879344855 0
1787573951 33907710 24879357225 0
1787573952 33907852 24879369414 0
1787573953 33907975 24879381732 0
1787573954 33908117 24879394030 0
1787573955 33908258 24879406347 0
1787573956 33908390 24879418593 0
1787573957 33908517 24879430852 0
1787573958 33908716 24879443129 0
1787573959 33908987 24879455359 0
1787573960 33909116 24879467641 0
1787573961 33909352 24879479856 0
1787573962 33909514 24879492146 0
1787573963 33909756 24879504150 0
1787573965 33910226 24879516184 0
1787573966 33910575 24879528157 0
1787573967 33911116 24879540531 0
1787573968 33912031 24879549756 0
1787573969 33912939 24879560135 0
1787573970 33913919 24879570037 0
1787573971 33914717 24879581000 0
1787573972 33914890 24879593340 0
1787573973 33915033 24879605561 0
1787573974 33915183 24879617808 0
1787573975 33915384 24879630056 0
1787573976 33915558 24879642348 0
1787573977 33915686 24879654573 0
1787573978 33915826 24879666818 0
1787573979 33915979 24879679075 0
1787573980 33916114 24879691351 0
1787573981 33916248 24879703554 0
1787573982 33916434 24879715919 0
1787573983 33916598 24879728295 0
1787573984 33916749 24879740667 0
1787573985 33916931 24879752960 0
1787573986 33917108 24879765280 0
1787573987 33917240 24879777647 0
1787573988 33917429 24879789745 0
1787573989 33917674 24879801914 0
1787573990 33917862 24879814111 0
1787573991 33918042 24879826474 0
1787573992 33918251 24879838882 0
1787573993 33918463 24879850070 0
1787573994 33918904 24879862057 0
1787573996 33919349 24879874151 0
1787573997 33919606 24879886172 0
1787573998 33920388 24879896704 0
1787573999 33921372 24879906641 0
1787574000 33922296 24879916333 0
1787574001 33923187 24879927299 0
1787574002 33923427 24879939434 0
