1787574105 33948907 24881137362 0
1787574106 33949125 24881149517 0
1787574107 33949334 24881161754 0
1787574108 33949576 24881173934 0
1787574109 33949893 24881186156 0
1787574110 33950099 24881198250 0
1787574111 33950406 24881210415 0
1787574112 33950536 24881222527 0
1787574113 33950744 24881234484 0
1787574114 33951230 24881246560 0
1787574115 33951574 24881258509 0
1787574116 33951898 24881270454 0
1787574117 33952843 24881280090 0
1787574118 33953856 24881289874 0
1787574119 33954944 24881300229 0
1787574120 33955681 24881311080 0
1787574121 33955887 24881323175 0
1787574122 33956021 24881335408 0
1787574123 33956183 24881347489 0
1787574124 33956322 24881359635 0
1787574125 33956496 24881371805 0
1787574126 33956617 24881384040 0
1787574127 33956742 24881396207 0
1787574128 33956861 24881408468 0
1787574129 33957003 24881420866 0
1787574130 33957159 24881432985 0
1787574131 33957289 24881445300 0
1787574132 33957459 24881457581 0
1787574133 33957577 24881469842 0
1787574134 33957744 24881482027 0
1787574135 33957878 24881494225 0
1787574137 33958029 24881506369 0
1787574138 33958159 24881518505 0
1787574139 33958385 24881530728 0
1787574140 33958630 24881542999 0
1787574141 33958847 24881555239 0
1787574142 33959006 24881567669 0
1787574143 33959208 24881579865 0
1787574144 33959504 24881591794 0
1787574145 33959978 24881603833 0
1787574146 33960399 24881616138 0
1787574147 33960830 24881628125 0
1787574148 33961709 24881638553 0
1787574149 33962632 24881648332 0
1787574150 33963577 24881658458 0
1787574151 33964541 24881668910 0
1787574152 33964687 24881680983 0
1787574153 33964849 24881693159 0
1787574154 33965007 24881705501 0
1787574155 33965158 24881718558 0
1787574156 33965339 24881730728 0
1787574157 33965488 24881742901 0
1787574158 33965652 24881755124 0
1787574159 33965798 24881767321 0
1787574160 33965928 24881779795 0
1787574161 33966095 24881792136 0
1787574162 33966269 24881804639 0
1787574164 33966432 24881816820 0
1787574165 33966614 24881829071 0
1787574166 33966768 24881841456 0
1787574167 33966928 24881853731 0
1787574168 33967109 24881866027 0
1787574169 33967440 24881878083 0
