1787574105 33948908 24881137456 0
1787574106 33949129 24881149624 0
1787574107 33949334 24881161754 0
1787574108 33949576 24881173927 0
1787574109 33949893 24881186160 0
1787574110 33950101 24881198295 0
1787574111 33950406 24881210415 0
1787574112 33950538 24881222568 0
1787574113 33950745 24881234507 0
1787574114 33951229 24881246529 0
1787574115 33951573 24881258453 0
1787574116 33951900 24881270461 0
1787574117 33952909 24881280830 0
1787574118 33953942 24881290586 0
1787574119 33954962 24881300352 0
1787574120 33955682 24881311162 0
1787574121 33955890 24881323274 0
1787574122 33956022 24881335434 0
1787574123 33956186 24881347589 0
1787574124 33956324 24881359670 0
1787574125 33956496 24881371805 0
1787574126 33956614 24881383895 0
1787574127 33956737 24881396001 0
1787574128 33956861 24881408375 0
1787574129 33956998 24881420541 0
1787574130 33957156 24881432834 0
1787574131 33957284 24881445107 0
1787574132 33957457 24881457403 0
1787574133 33957574 24881469736 0
1787574134 33957743 24881482013 0
1787574135 33957880 24881494311 0
1787574137 33958030 24881506540 0
1787574138 33958166 24881518761 0
1787574139 33958397 24881531156 0
1787574140 33958631 24881543179 0
1787574141 33958856 24881555386 0
1787574142 33959005 24881567599 0
1787574143 33959204 24881579782 0
1787574144 33959496 24881591625 0
1787574145 33959968 24881603689 0
1787574146 33960392 24881615811 0
1787574147 33960787 24881627775 0
1787574148 33961617 24881637790 0
1787574149 33962617 24881648049 0
1787574150 33963632 24881658846 0
1787574151 33964547 24881669178 0
1787574152 33964692 24881681309 0
1787574153 33964857 24881693511 0
1787574154 33965012 24881705706 0
1787574155 33965141 24881717917 0
1787574156 33965326 24881730030 0
1787574157 33965474 24881742274 0
1787574158 33965639 24881754428 0
1787574159 33965787 24881766723 0
1787574160 33965920 24881778978 0
1787574161 33966080 24881791163 0
1787574162 33966246 24881803380 0
1787574163 33966415 24881815795 0
1787574164 33966603 24881828067 0
1787574166 33966759 24881840758 0
1787574167 33966921 24881853112 0
1787574168 33967099 24881865484 0
1787574169 33967383 24881877510 0
