1787574020 33925237 24880162137 0
1787574021 33925489 24880174335 0
1787574022 33925760 24880186482 0
1787574023 33926233 24880198171 0
1787574024 33926831 24880210157 0
1787574026 33927187 24880222156 0
1787574027 33927978 24880233059 0
1787574028 33929129 24880243782 0
1787574029 33930146 24880253174 0
1787574030 33930851 24880264091 0
1787574031 33931065 24880276227 0
1787574032 33931242 24880288393 0
1787574033 33931400 24880300563 0
1787574034 33931536 24880312834 0
1787574035 33931683 24880324968 0
1787574036 33931817 24880337309 0
1787574037 33931992 24880349571 0
1787574038 33932133 24880361718 0
1787574039 33932294 24880373861 0
1787574040 33932437 24880386019 0
1787574041 33932653 24880398229 0
1787574042 33932840 24880410532 0
1787574043 33933001 24880422767 0
1787574044 33933196 24880435008 0
1787574045 33933390 24880447225 0
1787574046 33933558 24880459404 0
1787574047 33933725 24880471751 0
1787574048 33933963 24880483846 0
1787574049 33934229 24880496108 0
1787574050 33934430 24880508280 0
1787574051 33934629 24880520408 0
1787574052 33934778 24880532540 0
1787574053 33935057 24880544211 0
1787574054 33935561 24880556414 0
1787574055 33935925 24880568534 0
1787574056 33936428 24880580325 0
1787574057 33937395 24880590134 0
1787574059 33938559 24880600480 0
1787574060 33939688 24880611340 0
1787574061 33939935 24880624548 0
1787574062 33940119 24880636979 0
1787574063 33940266 24880649261 0
1787574064 33940422 24880661444 0
1787574065 33940532 24880673646 0
1787574066 33940716 24880685756 0
1787574067 33940886 24880698134 0
1787574068 33941080 24880710230 0
1787574069 33941243 24880722426 0
1787574070 33941469 24880734591 0
1787574071 33941636 24880746769 0
1787574072 33941760 24880759017 0
1787574073 33941891 24880771257 0
1787574074 33942022 24880783562 0
1787574075 33942125 24880795772 0
1787574076 33942271 24880808021 0
1787574077 33942389 24880820315 0
1787574078 33942596 24880832392 0
1787574079 33942859 24880844542 0
1787574080 33943054 24880856742 0
1787574081 33943216 24880868952 0
1787574082 33943392 24880881057 0
1787574083 33943685 24880893043 0
1787574084 33944129 24880905063 0
