1787574020 33925234 24880162061 0
1787574021 33925486 24880174197 0
1787574022 33925754 24880186206 0
1787574024 33926227 24880198050 0
1787574025 33926839 24880210755 0
1787574026 33927223 24880222737 0
1787574027 33927978 24880233058 0
1787574028 33929095 24880243374 0
1787574029 33930130 24880253049 0
1787574030 33930845 24880263956 0
1787574031 33931060 24880276101 0
1787574032 33931238 24880288222 0
1787574033 33931400 24880300516 0
1787574034 33931535 24880312689 0
1787574035 33931679 24880324861 0
1787574036 33931813 24880337103 0
1787574037 33931988 24880349348 0
1787574038 33932129 24880361546 0
1787574039 33932292 24880373768 0
1787574040 33932437 24880386032 0
1787574041 33932660 24880398350 0
1787574042 33932840 24880410531 0
1787574043 33933001 24880422734 0
1787574044 33933194 24880434930 0
1787574045 33933389 24880447138 0
1787574046 33933555 24880459298 0
1787574047 33933714 24880471479 0
1787574048 33933977 24880484388 0
1787574049 33934245 24880496514 0
1787574050 33934437 24880508610 0
1787574051 33934635 24880520792 0
1787574052 33934791 24880532938 0
1787574053 33935066 24880544441 0
1787574054 33935565 24880556459 0
1787574055 33935926 24880568570 0
1787574056 33936424 24880580293 0
1787574057 33937382 24880590030 0
1787574059 33938562 24880600503 0
1787574060 33939637 24880610734 0
1787574061 33939910 24880622644 0
1787574062 33940100 24880634822 0
1787574063 33940227 24880647144 0
1787574064 33940406 24880659577 0
1787574065 33940512 24880671756 0
1787574066 33940684 24880684014 0
1787574067 33940859 24880696113 0
1787574068 33941045 24880708270 0
1787574069 33941221 24880720516 0
1787574070 33941427 24880732725 0
1787574071 33941605 24880745010 0
1787574072 33941744 24880757173 0
1787574073 33941874 24880769591 0
1787574074 33942002 24880781798 0
1787574075 33942109 24880794079 0
1787574076 33942246 24880806311 0
1787574077 33942371 24880818482 0
1787574078 33942548 24880830683 0
1787574079 33942839 24880842703 0
1787574080 33943032 24880855542 0
1787574081 33943203 24880867839 0
1787574082 33943382 24880880326 0
1787574083 33943669 24880892354 0
1787574084 33944102 24880904432 0
