1787574105 33948907 24881137367 0
1787574106 33949130 24881149719 0
1787574107 33949337 24881161845 0
1787574108 33949579 24881174031 0
1787574109 33949891 24881186076 0
1787574110 33950098 24881198215 0
1787574111 33950402 24881210260 0
1787574112 33950537 24881222549 0
1787574113 33950743 24881234480 0
1787574114 33951229 24881246538 0
1787574115 33951574 24881258498 0
1787574116 33951895 24881270419 0
1787574117 33952862 24881280239 0
1787574118 33953913 24881290381 0
1787574119 33954940 24881300196 0
1787574120 33955680 24881311014 0
1787574121 33955887 24881323141 0
1787574122 33956019 24881335289 0
1787574123 33956181 24881347427 0
1787574124 33956332 24881360081 0
1787574125 33956505 24881372244 0
1787574126 33956624 24881384444 0
1787574127 33956746 24881396626 0
1787574128 33956866 24881408809 0
1787574129 33957006 24881421041 0
1787574130 33957163 24881433139 0
1787574131 33957291 24881445393 0
1787574132 33957464 24881457875 0
1787574133 33957584 24881470135 0
1787574135 33957752 24881482445 0
1787574136 33957892 24881494768 0
1787574137 33958038 24881507217 0
1787574138 33958179 24881519417 0
1787574139 33958410 24881531691 0
1787574140 33958641 24881543851 0
1787574141 33958867 24881556033 0
1787574142 33959015 24881568240 0
1787574143 33959228 24881580488 0
1787574144 33959535 24881593177 0
1787574145 33960042 24881605318 0
1787574146 33960428 24881617379 0
1787574147 33960933 24881629026 0
1787574148 33961767 24881639055 0
1787574149 33962882 24881651106 0
1787574150 33963961 24881662138 0
1787574151 33964601 24881673336 0
1787574153 33964774 24881685568 0
1787574154 33964908 24881697827 0
1787574155 33965073 24881709968 0
1787574156 33965224 24881722190 0
1787574157 33965386 24881734443 0
1787574158 33965559 24881746643 0
1787574159 33965693 24881758992 0
1787574160 33965838 24881771205 0
1787574161 33965982 24881783524 0
1787574162 33966147 24881795947 0
1787574163 33966334 24881808147 0
1787574164 33966467 24881820313 0
1787574165 33966650 24881832515 0
1787574166 33966828 24881844958 0
1787574167 33966976 24881857245 0
1787574168 33967184 24881869530 0
1787574169 33967475 24881881628 0
