1787573938 33903665 24879201115 0
1787573939 33904702 24879211384 0
1787573940 33905760 24879222870 0
1787573941 33906052 24879235292 0
1787573942 33906291 24879247464 0
1787573943 33906537 24879259357 0
1787573944 33906742 24879272072 0
1787573945 33906923 24879284168 0
1787573946 33907062 24879296324 0
1787573947 33907172 24879308480 0
1787573948 33907305 24879320666 0
1787573949 33907424 24879333302 0
1787573950 33907578 24879345557 0
1787573951 33907714 24879357798 0
1787573952 33907863 24879370194 0
1787573953 33907988 24879382501 0
1787573954 33908135 24879394792 0
1787573955 33908267 24879407063 0
1787573956 33908402 24879419384 0
1787573957 33908534 24879431796 0
1787573958 33908739 24879444062 0
1787573959 33909000 24879456297 0
1787573960 33909141 24879468600 0
1787573962 33909364 24879480870 0
1787573963 33909533 24879493054 0
1787573964 33909791 24879505136 0
1787573965 33910266 24879517124 0
1787573966 33910607 24879529340 0
1787573967 33911177 24879541153 0
1787573968 33912176 24879551142 0
1787573969 33913090 24879561550 0
1787573970 33914054 24879571406 0
1787573971 33914731 24879582351 0
1787573972 33914907 24879594734 0
1787573973 33915056 24879606978 0
1787573974 33915207 24879619331 0
1787573975 33915410 24879631554 0
1787573976 33915575 24879643820 0
1787573977 33915704 24879656023 0
1787573978 33915849 24879668239 0
1787573979 33915996 24879680509 0
1787573980 33916155 24879693513 0
1787573981 33916268 24879705693 0
1787573982 33916470 24879717881 0
1787573983 33916635 24879730049 0
1787573984 33916782 24879742152 0
1787573985 33916957 24879754451 0
1787573986 33917123 24879766733 0
1787573987 33917256 24879778990 0
1787573988 33917467 24879791249 0
1787573989 33917694 24879803585 0
1787573991 33917881 24879815757 0
1787573992 33918091 24879827983 0
1787573993 33918295 24879841056 0
1787573994 33918557 24879852226 0
1787573995 33919014 24879864228 0
1787573996 33919400 24879876238 0
1787573997 33919670 24879888276 0
1787573998 33920572 24879898356 0
1787573999 33921520 24879908141 0
1787574000 33922467 24879918252 0
1787574001 33923223 24879929248 0
1787574002 33923471 24879941336 0
