1787573938 33903666 24879201126 0
1787573939 33904702 24879211385 0
1787573940 33905780 24879223663 0
1787573941 33906070 24879235767 0
1787573942 33906311 24879248615 0
1787573943 33906573 24879260523 0
1787573944 33906757 24879272613 0
1787573945 33906926 24879284686 0
1787573946 33907068 24879296874 0
1787573947 33907180 24879309032 0
1787573948 33907313 24879321200 0
1787573949 33907426 24879333437 0
1787573950 33907579 24879345627 0
1787573951 33907716 24879357851 0
1787573952 33907872 24879371006 0
1787573953 33908002 24879383278 0
1787573954 33908146 24879395775 0
1787573955 33908277 24879408018 0
1787573956 33908412 24879420450 0
1787573957 33908546 24879432784 0
1787573958 33908756 24879444980 0
1787573960 33909008 24879457217 0
1787573961 33909163 24879469584 0
1787573962 33909378 24879481864 0
1787573963 33909546 24879494157 0
1787573964 33909811 24879506144 0
1787573965 33910304 24879518171 0
1787573966 33910632 24879530192 0
1787573967 33911233 24879541732 0
1787573968 33912230 24879551562 0
1787573969 33913120 24879561806 0
1787573970 33914082 24879571692 0
1787573971 33914734 24879582932 0
1787573972 33914914 24879595179 0
1787573973 33915064 24879607426 0
1787573974 33915213 24879619664 0
1787573975 33915421 24879631791 0
1787573976 33915580 24879644116 0
1787573977 33915709 24879656345 0
1787573978 33915853 24879668599 0
1787573979 33916001 24879680801 0
1787573980 33916150 24879693286 0
1787573981 33916261 24879705456 0
1787573982 33916468 24879717666 0
1787573983 33916631 24879729883 0
1787573984 33916782 24879742118 0
1787573985 33916953 24879754287 0
1787573986 33917116 24879766484 0
1787573987 33917255 24879778922 0
1787573988 33917463 24879791120 0
1787573989 33917688 24879803356 0
1787573990 33917879 24879815578 0
1787573992 33918099 24879828292 0
1787573993 33918286 24879840439 0
1787573994 33918528 24879851534 0
1787573995 33918983 24879863634 0
1787573996 33919387 24879875729 0
1787573997 33919652 24879887796 0
1787573998 33920539 24879898044 0
1787573999 33921509 24879908026 0
1787574000 33922502 24879918673 0
1787574001 33923229 24879929663 0
1787574002 33923479 24879941752 0
