1787572433 33513373 24861691233 0
1787572434 33513510 24861703496 0
1787572435 33513684 24861715740 0
1787572436 33513869 24861727857 0
1787572437 33514048 24861739923 0
1787572438 33514210 24861752018 0
1787572439 33514403 24861764130 0
1787572440 33514565 24861776229 0
1787572441 33514776 24861788150 0
1787572442 33514999 24861800197 0
1787572443 33515220 24861812213 0
1787572444 33515400 24861824120 0
1787572445 33515587 24861835859 0
1787572446 33515745 24861847929 0
1787572447 33515906 24861859962 0
1787572448 33516074 24861871997 0
1787572449 33516263 24861884052 0
1787572450 33516466 24861896244 0
1787572451 33516639 24861908113 0
1787572452 33516833 24861920206 0
1787572453 33517002 24861932390 0
1787572454 33517191 24861944752 0
1787572455 33517371 24861956913 0
1787572456 33517558 24861969142 0
1787572457 33517719 24861981355 0
1787572458 33517936 24861993487 0
1787572459 33518142 24862005762 0
1787572460 33518318 24862018134 0
1787572461 33518536 24862030555 0
1787572462 33518776 24862042733 0
1787572463 33519000 24862055013 0
1787572464 33519204 24862067237 0
1787572465 33519414 24862079489 0
1787572466 33519622 24862091640 0
1787572468 33519857 24862103880 0
1787572469 33520065 24862115991 0
1787572470 33520289 24862128205 0
1787572471 33520518 24862140444 0
1787572472 33520722 24862152574 0
1787572473 33520882 24862164791 0
1787572474 33521030 24862177103 0
1787572475 33521262 24862189344 0
1787572476 33521450 24862201490 0
1787572477 33521655 24862213719 0
1787572478 33521909 24862225941 0
1787572479 33522062 24862238032 0
1787572480 33522210 24862250176 0
1787572481 33522347 24862262329 0
1787572482 33522555 24862274522 0
1787572483 33522756 24862286780 0
1787572484 33522929 24862298966 0
1787572485 33523152 24862311001 0
1787572486 33523346 24862323021 0
1787572487 33523540 24862334767 0
1787572488 33523752 24862346581 0
1787572489 33523937 24862358631 0
1787572490 33524082 24862370754 0
1787572491 33524241 24862382958 0
1787572492 33524403 24862395120 0
1787572493 33524539 24862407116 0
1787572494 33524654 24862419272 0
1787572495 33524724 24862431389 0
1787572496 33524788 24862443604 0
1787572497 33524836 24862455737 0
