1787572514 33525609 24862647629 0
1787572515 33525719 24862659885 0
1787572516 33525834 24862671887 0
1787572517 33525958 24862683989 0
1787572518 33526089 24862696148 0
1787572519 33526218 24862708263 0
1787572520 33526327 24862720499 0
1787572521 33526452 24862732614 0
1787572522 33526570 24862744818 0
1787572523 33526673 24862757135 0
1787572524 33526808 24862769433 0
1787572525 33526931 24862781706 0
1787572526 33527048 24862793907 0
1787572527 33527210 24862805975 0
1787572528 33527417 24862818020 0
1787572529 33527613 24862829919 0
1787572530 33527809 24862841992 0
1787572531 33527938 24862854178 0
1787572532 33528050 24862866358 0
1787572533 33528172 24862878812 0
1787572534 33528278 24862891031 0
1787572535 33528442 24862903250 0
1787572536 33528579 24862915356 0
1787572537 33528725 24862927507 0
1787572538 33528879 24862939712 0
1787572539 33529015 24862952004 0
1787572540 33529110 24862964224 0
1787572541 33529208 24862976480 0
1787572542 33529308 24862988736 0
1787572543 33529395 24863000891 0
1787572544 33529513 24863013229 0
1787572545 33529626 24863025671 0
1787572546 33529738 24863037981 0
1787572547 33529843 24863050378 0
1787572548 33529947 24863062602 0
1787572550 33530067 24863074993 0
1787572551 33530195 24863087239 0
1787572552 33530313 24863099666 0
1787572553 33530424 24863111897 0
1787572554 33530532 24863124268 0
1787572555 33530631 24863136514 0
1787572556 33530800 24863149034 0
1787572557 33530962 24863161202 0
1787572558 33531113 24863173240 0
1787572559 33531247 24863185435 0
1787572560 33531368 24863197654 0
1787572561 33531480 24863209982 0
1787572562 33531591 24863222120 0
1787572563 33531702 24863234313 0
1787572564 33531820 24863246521 0
1787572565 33531935 24863258741 0
1787572566 33532049 24863270973 0
1787572567 33532142 24863283241 0
1787572568 33532263 24863295496 0
1787572569 33532370 24863307844 0
1787572570 33532481 24863320178 0
1787572571 33532597 24863332636 0
1787572572 33532694 24863344932 0
1787572573 33532804 24863357567 0
1787572574 33532885 24863369848 0
1787572575 33532998 24863382010 0
1787572576 33533121 24863394183 0
1787572577 33533220 24863406451 0
