1787572513 33525608 24862647622 0
1787572515 33525713 24862659673 0
1787572516 33525834 24862671855 0
1787572517 33525958 24862683990 0
1787572518 33526090 24862696164 0
1787572519 33526220 24862708417 0
1787572520 33526332 24862720633 0
1787572521 33526455 24862732833 0
1787572522 33526573 24862744968 0
1787572523 33526673 24862757135 0
1787572524 33526810 24862769479 0
1787572525 33526928 24862781656 0
1787572526 33527044 24862793792 0
1787572527 33527206 24862805853 0
1787572528 33527412 24862817913 0
1787572529 33527614 24862829968 0
1787572530 33527811 24862842082 0
1787572531 33527943 24862854411 0
1787572532 33528057 24862866650 0
1787572533 33528173 24862878916 0
1787572534 33528281 24862891172 0
1787572535 33528444 24862903309 0
1787572536 33528580 24862915417 0
1787572537 33528728 24862927602 0
1787572538 33528886 24862939947 0
1787572539 33529017 24862952189 0
1787572540 33529112 24862964411 0
1787572541 33529210 24862976731 0
1787572542 33529311 24862989026 0
1787572543 33529400 24863001266 0
1787572544 33529519 24863013558 0
1787572545 33529628 24863025802 0
1787572546 33529743 24863038354 0
1787572547 33529848 24863050680 0
1787572549 33529950 24863062987 0
1787572550 33530074 24863075475 0
1787572551 33530206 24863087734 0
1787572552 33530319 24863100196 0
1787572553 33530433 24863112406 0
1787572554 33530539 24863124686 0
1787572555 33530633 24863136940 0
1787572556 33530804 24863149293 0
1787572557 33530966 24863161505 0
1787572558 33531118 24863173599 0
1787572559 33531258 24863185845 0
1787572560 33531376 24863198123 0
1787572561 33531486 24863210333 0
1787572562 33531598 24863222530 0
1787572563 33531709 24863234815 0
1787572564 33531826 24863247056 0
1787572565 33531940 24863259291 0
1787572566 33532052 24863271489 0
1787572567 33532145 24863283819 0
1787572568 33532266 24863295995 0
1787572569 33532380 24863308355 0
1787572570 33532488 24863320582 0
1787572571 33532602 24863332929 0
1787572572 33532700 24863345335 0
1787572573 33532804 24863357573 0
1787572574 33532888 24863369973 0
1787572575 33533001 24863382278 0
1787572576 33533127 24863394625 0
1787572577 33533227 24863406971 0
