1787572093 33427839 24857784178 0
1787572094 33428025 24857796581 0
1787572095 33428211 24857808851 0
1787572097 33428447 24857820999 0
1787572098 33428645 24857833292 0
1787572099 33428916 24857845433 0
1787572100 33429127 24857857626 0
1787572101 33429383 24857869902 0
1787572102 33429654 24857882284 0
1787572103 33429937 24857894487 0
1787572104 33430206 24857906654 0
1787572105 33430455 24857918812 0
1787572106 33430711 24857930977 0
1787572107 33430965 24857943158 0
1787572108 33431178 24857955296 0
1787572109 33431400 24857967459 0
1787572110 33431648 24857979620 0
1787572111 33431923 24857991832 0
1787572112 33432147 24858004052 0
1787572113 33432393 24858016212 0
1787572114 33432628 24858028413 0
1787572115 33432863 24858040699 0
1787572116 33433101 24858052905 0
1787572117 33433342 24858065095 0
1787572118 33433622 24858077344 0
1787572119 33433846 24858089584 0
1787572120 33434109 24858101777 0
1787572121 33434366 24858113887 0
1787572122 33434605 24858126042 0
1787572123 33434834 24858138262 0
1787572124 33435037 24858150427 0
1787572125 33435270 24858162608 0
1787572126 33435442 24858174721 0
1787572127 33435632 24858186844 0
1787572128 33435811 24858199083 0
1787572129 33436020 24858211264 0
1787572130 33436274 24858223408 0
1787572131 33436473 24858235604 0
1787572133 33436718 24858247652 0
1787572134 33436912 24858259789 0
1787572135 33437106 24858271876 0
1787572136 33437398 24858284037 0
1787572137 33437664 24858296229 0
1787572138 33437988 24858308371 0
1787572139 33438290 24858320417 0
1787572140 33438611 24858332616 0
1787572141 33438846 24858344742 0
1787572142 33439069 24858356918 0
1787572143 33439353 24858369039 0
1787572144 33439691 24858381073 0
1787572145 33439988 24858393055 0
1787572146 33440200 24858405040 0
1787572147 33440537 24858416779 0
1787572148 33440890 24858428530 0
1787572149 33441209 24858440344 0
1787572150 33441529 24858452170 0
1787572151 33441820 24858463975 0
1787572152 33442133 24858475640 0
1787572153 33442463 24858487348 0
1787572154 33442803 24858499239 0
1787572155 33443082 24858511059 0
1787572156 33443414 24858522819 0
1787572157 33443768 24858534438 0
