1787571808 33382576 24854446383 0
1787571809 33382764 24854458785 0
1787571810 33382970 24854471987 0
1787571811 33383183 24854484123 0
1787571812 33383442 24854496316 0
1787571814 33383605 24854508929 0
1787571815 33383817 24854522273 0
1787571816 33383993 24854535133 0
1787571817 33384192 24854548265 0
1787571818 33384398 24854561302 0
1787571819 33384636 24854573441 0
1787571820 33384860 24854586066 0
1787571821 33385098 24854597994 0
1787571822 33385270 24854610623 0
1787571823 33385437 24854622451 0
1787571824 33385674 24854634858 0
1787571825 33385905 24854646763 0
1787571826 33386119 24854658791 0
1787571827 33386354 24854670726 0
1787571828 33386616 24854682932 0
1787571829 33386876 24854694977 0
1787571830 33387090 24854707597 0
1787571832 33387307 24854720316 0
1787571833 33387497 24854733258 0
1787571834 33387731 24854745142 0
1787571835 33387925 24854757060 0
1787571836 33388062 24854768937 0
1787571837 33388302 24854780833 0
1787571838 33388485 24854792680 0
1787571839 33388663 24854805348 0
1787571840 33388789 24854817155 0
1787571841 33388922 24854829111 0
1787571842 33389045 24854840895 0
1787571843 33389186 24854852884 0
1787571844 33389334 24854864636 0
1787571845 33389489 24854876609 0
1787571846 33389619 24854888402 0
1787571847 33389762 24854900242 0
1787571848 33389949 24854913008 0
1787571849 33390073 24854925663 0
1787571850 33390232 24854937537 0
1787571851 33390361 24854949644 0
1787571852 33390530 24854961446 0
1787571853 33390698 24854973570 0
1787571854 33390825 24854985197 0
1787571855 33390996 24854996755 0
1787571856 33391160 24855008474 0
1787571857 33391270 24855020445 0
1787571859 33391426 24855032201 0
1787571860 33391597 24855043960 0
1787571861 33391736 24855056313 0
1787571862 33391897 24855067915 0
1787571863 33392036 24855079535 0
1787571864 33392187 24855091527 0
1787571865 33392329 24855103491 0
1787571866 33392473 24855115620 0
1787571867 33392647 24855128330 0
1787571868 33392831 24855141062 0
1787571869 33393002 24855153887 0
1787571870 33393126 24855165859 0
1787571871 33393186 24855177830 0
1787571872 33393223 24855189752 0
