1787572344 33489504 24860698479 0
1787572345 33489764 24860710788 0
1787572346 33490076 24860723684 0
1787572348 33490306 24860736411 0
1787572349 33490530 24860748432 0
1787572350 33490784 24860761246 0
1787572351 33491054 24860774053 0
1787572352 33491339 24860786784 0
1787572353 33491630 24860799447 0
1787572354 33491960 24860812171 0
1787572355 33492293 24860824816 0
1787572356 33492689 24860836721 0
1787572357 33492997 24860848687 0
1787572358 33493308 24860860756 0
1787572359 33493601 24860872982 0
1787572360 33493964 24860885626 0
1787572361 33494277 24860898582 0
1787572362 33494570 24860910715 0
1787572364 33494950 24860923237 0
1787572365 33495325 24860936115 0
1787572366 33495682 24860948918 0
1787572367 33496085 24860962010 0
1787572368 33496474 24860974065 0
1787572369 33496948 24860986519 0
1787572370 33497385 24860999603 0
1787572371 33497777 24861011755 0
1787572372 33498178 24861023769 0
1787572373 33498596 24861035784 0
1787572374 33499039 24861047716 0
1787572375 33499487 24861059763 0
1787572376 33499905 24861072251 0
1787572377 33500302 24861084197 0
1787572378 33500761 24861097073 0
1787572379 33501161 24861109139 0
1787572380 33501587 24861121516 0
1787572382 33501982 24861134389 0
1787572383 33502364 24861146282 0
1787572384 33502768 24861158159 0
1787572385 33503157 24861170078 0
1787572386 33503592 24861181578 0
1787572387 33504013 24861193895 0
1787572388 33504440 24861206352 0
1787572389 33504816 24861218536 0
1787572390 33505145 24861231093 0
1787572391 33505424 24861242841 0
1787572392 33505728 24861254766 0
1787572393 33506041 24861266624 0
1787572394 33506346 24861278339 0
1787572395 33506704 24861292103 0
1787572396 33507028 24861304222 0
1787572398 33507472 24861316337 0
1787572399 33507782 24861326098 0
1787572400 33508115 24861333384 0
1787572401 33508420 24861341073 0
1787572402 33508770 24861348761 0
1787572403 33509059 24861357017 0
1787572404 33509326 24861365857 0
1787572405 33509647 24861375088 0
1787572406 33509926 24861384662 0
1787572407 33510168 24861395483 0
1787572408 33510420 24861406577 0
