1787572433 33513373 24861691211 0
1787572434 33513510 24861703497 0
1787572435 33513684 24861715720 0
1787572436 33513870 24861727896 0
1787572437 33514048 24861739921 0
1787572438 33514212 24861752079 0
1787572439 33514403 24861764123 0
1787572440 33514569 24861776394 0
1787572441 33514780 24861788352 0
1787572442 33515005 24861800375 0
1787572443 33515223 24861812390 0
1787572444 33515405 24861824258 0
1787572445 33515587 24861835962 0
1787572446 33515745 24861847918 0
1787572447 33515911 24861860078 0
1787572448 33516078 24861872149 0
1787572449 33516267 24861884229 0
1787572450 33516469 24861896380 0
1787572451 33516642 24861908303 0
1787572452 33516847 24861920634 0
1787572453 33517014 24861932870 0
1787572454 33517201 24861945188 0
1787572455 33517382 24861957416 0
1787572456 33517562 24861969678 0
1787572457 33517726 24861981963 0
1787572458 33517949 24861994178 0
1787572459 33518149 24862006251 0
1787572460 33518327 24862018491 0
1787572461 33518539 24862030648 0
1787572462 33518778 24862042827 0
1787572463 33519002 24862055117 0
1787572464 33519211 24862067415 0
1787572465 33519419 24862079726 0
1787572467 33519631 24862091986 0
1787572468 33519864 24862104116 0
1787572469 33520071 24862116271 0
1787572470 33520298 24862128440 0
1787572471 33520525 24862140672 0
1787572472 33520733 24862152910 0
1787572473 33520888 24862165180 0
1787572474 33521035 24862177298 0
1787572475 33521270 24862189535 0
1787572476 33521459 24862201834 0
1787572477 33521659 24862213977 0
1787572478 33521915 24862226192 0
1787572479 33522067 24862238347 0
1787572480 33522217 24862250506 0
1787572481 33522356 24862262600 0
1787572482 33522565 24862274955 0
1787572483 33522764 24862287223 0
1787572484 33522939 24862299371 0
1787572485 33523166 24862311403 0
1787572486 33523351 24862323344 0
1787572487 33523550 24862335200 0
1787572488 33523760 24862346994 0
1787572489 33523941 24862358854 0
1787572490 33524085 24862370914 0
1787572491 33524242 24862383031 0
1787572492 33524403 24862395127 0
1787572493 33524540 24862407163 0
1787572494 33524655 24862419312 0
1787572495 33524725 24862431463 0
1787572496 33524788 24862443592 0
1787572497 33524836 24862455753 0
