1787573337 33740475 24872228745 0
1787573338 33740593 24872240944 0
1787573339 33740704 24872253055 0
1787573340 33740846 24872265226 0
1787573341 33741606 24872275215 0
1787573342 33742702 24872285359 0
1787573343 33743806 24872295984 0
1787573344 33744254 24872306959 0
1787573345 33744350 24872319191 0
1787573346 33744454 24872331451 0
1787573347 33744593 24872343800 0
1787573348 33744811 24872355736 0
1787573349 33744939 24872367836 0
1787573350 33745083 24872379964 0
1787573351 33745259 24872392194 0
1787573352 33745355 24872404373 0
1787573353 33745464 24872416573 0
1787573354 33745561 24872428957 0
1787573355 33745664 24872441260 0
1787573356 33745772 24872453521 0
1787573357 33745886 24872465793 0
1787573358 33746105 24872477979 0
1787573359 33746351 24872490073 0
1787573360 33746509 24872502191 0
1787573361 33746655 24872514254 0
1787573362 33746975 24872526126 0
1787573363 33747492 24872538209 0
1787573364 33747765 24872550256 0
1787573365 33748501 24872559895 0
1787573366 33749621 24872569992 0
1787573367 33750599 24872579913 0
1787573368 33751057 24872591108 0
1787573370 33751145 24872603295 0
1787573371 33751241 24872615632 0
1787573372 33751348 24872627712 0
1787573373 33751443 24872639884 0
1787573374 33751537 24872652059 0
1787573375 33751633 24872664230 0
1787573376 33751735 24872676396 0
1787573377 33751836 24872688544 0
1787573378 33751941 24872700705 0
1787573379 33752041 24872712925 0
1787573380 33752152 24872725240 0
1787573381 33752243 24872737366 0
1787573382 33752345 24872749679 0
1787573383 33752454 24872761877 0
1787573384 33752564 24872774108 0
1787573385 33752670 24872786370 0
1787573386 33752772 24872798561 0
1787573387 33752881 24872810702 0
1787573388 33753024 24872822893 0
1787573389 33753225 24872835030 0
1787573390 33753368 24872847124 0
1787573391 33753483 24872859389 0
1787573392 33753657 24872871558 0
1787573393 33754052 24872883602 0
1787573394 33754464 24872895682 0
1787573395 33755140 24872906635 0
1787573396 33756275 24872917489 0
1787573397 33757431 24872927590 0
1787573398 33757764 24872939269 0
1787573399 33757799 24872951371 0
1787573400 33757844 24872963560 0
1787573401 33757919 24872975577 0
