1787572433 33513373 24861691239 0
1787572434 33513509 24861703457 0
1787572435 33513686 24861715795 0
1787572436 33513895 24861729004 0
1787572437 33514080 24861741856 0
1787572438 33514250 24861753958 0
1787572439 33514425 24861766117 0
1787572440 33514592 24861778240 0
1787572441 33514816 24861790097 0
1787572442 33515049 24861802179 0
1787572443 33515250 24861814218 0
1787572444 33515432 24861826224 0
1787572445 33515621 24861838007 0
1787572446 33515771 24861850175 0
1787572447 33515957 24861862306 0
1787572448 33516107 24861874284 0
1787572449 33516296 24861886230 0
1787572450 33516522 24861898745 0
1787572451 33516700 24861911596 0
1787572452 33516900 24861923797 0
1787572453 33517063 24861936002 0
1787572454 33517255 24861948464 0
1787572455 33517444 24861960792 0
1787572456 33517606 24861973040 0
1787572458 33517777 24861985147 0
1787572459 33518018 24861998251 0
1787572460 33518194 24862010388 0
1787572461 33518383 24862022591 0
1787572462 33518611 24862034765 0
1787572463 33518846 24862047019 0
1787572464 33519070 24862059140 0
1787572465 33519282 24862071326 0
1787572466 33519479 24862083461 0
1787572467 33519710 24862095723 0
1787572468 33519933 24862107881 0
1787572469 33520137 24862120042 0
1787572470 33520377 24862132465 0
1787572471 33520590 24862144672 0
1787572472 33520787 24862156873 0
1787572473 33520932 24862169106 0
1787572474 33521103 24862181286 0
1787572475 33521336 24862193474 0
1787572476 33521532 24862205707 0
1787572477 33521726 24862217899 0
1787572478 33521964 24862230088 0
1787572479 33522125 24862242199 0
1787572480 33522273 24862254295 0
1787572481 33522431 24862267409 0
1787572482 33522654 24862280339 0
1787572483 33522846 24862292641 0
1787572485 33523061 24862305017 0
1787572486 33523271 24862317074 0
1787572487 33523465 24862329259 0
1787572488 33523696 24862342204 0
1787572489 33523909 24862354869 0
1787572490 33524033 24862367089 0
1787572491 33524205 24862379397 0
1787572492 33524369 24862391564 0
1787572493 33524488 24862404200 0
1787572494 33524628 24862416256 0
1787572495 33524713 24862428447 0
1787572496 33524773 24862440634 0
1787572497 33524827 24862453031 0
