1787573337 33740475 24872228741 0
1787573338 33740593 24872240945 0
1787573339 33740704 24872253047 0
1787573340 33740845 24872265180 0
1787573341 33741593 24872275101 0
1787573342 33742691 24872285266 0
1787573343 33743748 24872295492 0
1787573344 33744246 24872306382 0
1787573345 33744341 24872318583 0
1787573346 33744445 24872330801 0
1787573347 33744581 24872343203 0
1787573348 33744803 24872355093 0
1787573349 33744934 24872367171 0
1787573350 33745074 24872379327 0
1787573351 33745246 24872391584 0
1787573352 33745349 24872403790 0
1787573353 33745458 24872416036 0
1787573354 33745553 24872428305 0
1787573355 33745656 24872440675 0
1787573356 33745764 24872452936 0
1787573357 33745878 24872465193 0
1787573358 33746083 24872477278 0
1787573359 33746344 24872489321 0
1787573360 33746504 24872501446 0
1787573361 33746645 24872513549 0
1787573362 33746964 24872525427 0
1787573363 33747472 24872537659 0
1787573364 33747739 24872549734 0
1787573365 33748477 24872559448 0
1787573366 33749560 24872569518 0
1787573367 33750560 24872579619 0
1787573368 33751053 24872590862 0
1787573369 33751142 24872603033 0
1787573371 33751238 24872615307 0
1787573372 33751343 24872627418 0
1787573373 33751439 24872639548 0
1787573374 33751534 24872651712 0
1787573375 33751631 24872663999 0
1787573376 33751733 24872676192 0
1787573377 33751832 24872688324 0
1787573378 33751938 24872700474 0
1787573379 33752039 24872712714 0
1787573380 33752147 24872724973 0
1787573381 33752240 24872737143 0
1787573382 33752342 24872749438 0
1787573383 33752449 24872761629 0
1787573384 33752560 24872773879 0
1787573385 33752666 24872786188 0
1787573386 33752770 24872798461 0
1787573387 33752883 24872810841 0
1787573388 33753029 24872823031 0
1787573389 33753229 24872835184 0
1787573390 33753371 24872847239 0
1787573391 33753483 24872859452 0
1787573392 33753655 24872871540 0
1787573393 33754047 24872883533 0
1787573394 33754460 24872895589 0
1787573395 33755140 24872906639 0
1787573396 33756275 24872917491 0
1787573397 33757428 24872927573 0
1787573398 33757764 24872939254 0
1787573399 33757799 24872951374 0
1787573400 33757844 24872963579 0
1787573401 33757921 24872975649 0
