1787572513 33525607 24862647593 0
1787572515 33525713 24862659675 0
1787572516 33525832 24862671796 0
1787572517 33525960 24862684078 0
1787572518 33526095 24862696456 0
1787572519 33526224 24862708578 0
1787572520 33526338 24862720771 0
1787572521 33526459 24862732997 0
1787572522 33526574 24862745071 0
1787572523 33526677 24862757298 0
1787572524 33526809 24862769464 0
1787572525 33526928 24862781650 0
1787572526 33527045 24862793825 0
1787572527 33527210 24862805961 0
1787572528 33527411 24862817863 0
1787572529 33527609 24862829815 0
1787572530 33527810 24862842020 0
1787572531 33527939 24862854247 0
1787572532 33528054 24862866503 0
1787572533 33528172 24862878812 0
1787572534 33528276 24862890976 0
1787572535 33528439 24862903171 0
1787572536 33528578 24862915320 0
1787572537 33528726 24862927549 0
1787572538 33528880 24862939755 0
1787572539 33529016 24862952134 0
1787572540 33529115 24862964523 0
1787572541 33529212 24862976862 0
1787572542 33529311 24862989056 0
1787572543 33529402 24863001298 0
1787572544 33529519 24863013550 0
1787572545 33529630 24863025964 0
1787572546 33529746 24863038549 0
1787572547 33529852 24863050925 0
1787572549 33529953 24863063292 0
1787572550 33530076 24863075549 0
1787572551 33530207 24863087759 0
1787572552 33530315 24863100002 0
1787572553 33530431 24863112312 0
1787572554 33530537 24863124603 0
1787572555 33530634 24863137010 0
1787572556 33530806 24863149337 0
1787572557 33530965 24863161457 0
1787572558 33531114 24863173401 0
1787572559 33531252 24863185651 0
1787572560 33531371 24863197857 0
1787572561 33531483 24863210058 0
1787572562 33531595 24863222321 0
1787572563 33531706 24863234663 0
1787572564 33531825 24863247003 0
1787572565 33531939 24863259253 0
1787572566 33532052 24863271525 0
1787572567 33532143 24863283718 0
1787572568 33532266 24863295930 0
1787572569 33532376 24863308175 0
1787572570 33532488 24863320584 0
1787572571 33532599 24863332811 0
1787572572 33532696 24863345041 0
1787572573 33532802 24863357487 0
1787572574 33532883 24863369737 0
1787572575 33532997 24863381933 0
1787572576 33533121 24863394225 0
1787572577 33533220 24863406463 0
