1787572264 33469084 24859782676 0
1787572265 33469357 24859794529 0
1787572266 33469746 24859806393 0
1787572267 33470120 24859818349 0
1787572268 33470469 24859830022 0
1787572269 33470878 24859841793 0
1787572270 33471207 24859853385 0
1787572271 33471507 24859864828 0
1787572272 33471825 24859874759 0
1787572273 33472184 24859883169 0
1787572274 33472553 24859892853 0
1787572275 33472923 24859903244 0
1787572276 33473252 24859915462 0
1787572277 33473567 24859927579 0
1787572278 33473946 24859939561 0
1787572279 33474234 24859951331 0
1787572280 33474574 24859963072 0
1787572281 33474936 24859975045 0
1787572282 33475287 24859987029 0
1787572283 33475653 24859999003 0
1787572284 33475942 24860010803 0
1787572285 33476250 24860022783 0
1787572286 33476555 24860034776 0
1787572287 33476894 24860046739 0
1787572288 33477214 24860058581 0
1787572289 33477555 24860070492 0
1787572290 33477970 24860081990 0
1787572291 33478294 24860093491 0
1787572292 33478621 24860103890 0
1787572293 33478951 24860114594 0
1787572294 33479221 24860125672 0
1787572295 33479530 24860136865 0
1787572296 33479819 24860147420 0
1787572297 33480148 24860158211 0
1787572298 33480450 24860168113 0
1787572299 33480762 24860180146 0
1787572300 33481020 24860192185 0
1787572301 33481338 24860204312 0
1787572302 33481606 24860216420 0
1787572303 33481862 24860228569 0
1787572304 33482117 24860240713 0
1787572306 33482431 24860252775 0
1787572307 33482682 24860264860 0
1787572308 33482979 24860276789 0
1787572309 33483234 24860288794 0
1787572310 33483535 24860300962 0
1787572311 33483811 24860312957 0
1787572312 33484045 24860324929 0
1787572313 33484311 24860336986 0
1787572314 33484552 24860348976 0
1787572315 33484806 24860360853 0
1787572316 33485038 24860372807 0
1787572317 33485256 24860384765 0
1787572318 33485503 24860396409 0
1787572319 33485743 24860408022 0
1787572320 33485985 24860419181 0
1787572321 33486241 24860428070 0
1787572322 33486506 24860437703 0
1787572323 33486742 24860447965 0
1787572324 33486933 24860460070 0
1787572325 33487113 24860472101 0
1787572326 33487310 24860484063 0
1787572327 33487473 24860496018 0
1787572328 33487589 24860508326 0
