1787573337 33740477 24872228837 0
1787573338 33740595 24872241045 0
1787573339 33740708 24872253162 0
1787573340 33740848 24872265271 0
1787573341 33741603 24872275193 0
1787573342 33742695 24872285301 0
1787573343 33743806 24872295986 0
1787573344 33744253 24872306933 0
1787573345 33744355 24872319378 0
1787573346 33744457 24872331605 0
1787573347 33744593 24872343794 0
1787573348 33744810 24872355650 0
1787573349 33744938 24872367735 0
1787573350 33745083 24872379919 0
1787573351 33745257 24872392163 0
1787573352 33745353 24872404329 0
1787573353 33745462 24872416491 0
1787573354 33745560 24872428887 0
1787573355 33745662 24872441177 0
1787573356 33745770 24872453432 0
1787573357 33745885 24872465787 0
1787573358 33746105 24872477991 0
1787573359 33746350 24872489964 0
1787573360 33746507 24872502148 0
1787573361 33746655 24872514254 0
1787573362 33746976 24872526154 0
1787573363 33747492 24872538196 0
1787573364 33747773 24872550427 0
1787573365 33748551 24872560376 0
1787573366 33749662 24872570397 0
1787573368 33750648 24872580251 0
1787573369 33751063 24872591545 0
1787573370 33751150 24872603707 0
1787573371 33751245 24872615916 0
1787573372 33751352 24872628068 0
1787573373 33751448 24872640250 0
1787573374 33751543 24872652473 0
1787573375 33751638 24872664722 0
1787573376 33751741 24872676924 0
1787573377 33751844 24872689191 0
1787573378 33751948 24872701335 0
1787573379 33752049 24872713601 0
1787573380 33752159 24872725926 0
1787573381 33752252 24872738244 0
1787573382 33752354 24872750508 0
1787573383 33752468 24872762757 0
1787573384 33752579 24872775045 0
1787573385 33752676 24872787188 0
1787573386 33752784 24872799422 0
1787573387 33752894 24872811707 0
1787573388 33753045 24872823878 0
1787573389 33753234 24872836041 0
1787573390 33753386 24872848208 0
1787573391 33753496 24872860382 0
1787573392 33753679 24872872478 0
1787573393 33754098 24872884478 0
1787573394 33754485 24872896476 0
1787573395 33755194 24872907263 0
1787573396 33756274 24872917486 0
1787573397 33757549 24872928619 0
1787573398 33757768 24872940519 0
1787573399 33757811 24872952638 0
1787573400 33757863 24872964890 0
1787573401 33757926 24872977188 0
