1787573071 33671261 24869130032 0
1787573072 33671407 24869142798 0
1787573073 33671569 24869155064 0
1787573074 33671709 24869167987 0
1787573076 33671908 24869181133 0
1787573077 33672126 24869194131 0
1787573078 33672372 24869207276 0
1787573079 33672623 24869220404 0
1787573080 33672928 24869233353 0
1787573081 33673202 24869246452 0
1787573082 33673491 24869259503 0
1787573083 33673780 24869271551 0
1787573084 33674062 24869284434 0
1787573085 33674257 24869296643 0
1787573086 33674485 24869308860 0
1787573087 33674746 24869321193 0
1787573088 33675173 24869334261 0
1787573089 33675450 24869346425 0
1787573090 33675757 24869358551 0
1787573091 33676057 24869370673 0
1787573093 33676474 24869382779 0
1787573094 33677078 24869395694 0
1787573095 33677746 24869406884 0
1787573096 33678887 24869417329 0
1787573097 33680009 24869428137 0
1787573098 33680753 24869438331 0
1787573099 33680951 24869450695 0
1787573100 33681111 24869462872 0
1787573101 33681260 24869475108 0
1787573102 33681447 24869487300 0
1787573103 33681587 24869499467 0
1787573104 33681738 24869511602 0
1787573105 33681915 24869524507 0
1787573106 33682095 24869536702 0
1787573107 33682234 24869549861 0
1787573108 33682414 24869562716 0
1787573109 33682570 24869575043 0
1787573110 33682823 24869587358 0
1787573111 33683029 24869599710 0
1787573112 33683165 24869612039 0
1787573113 33683295 24869624296 0
1787573114 33683465 24869636593 0
1787573115 33683580 24869648722 0
1787573116 33683700 24869660939 0
1787573117 33683853 24869673174 0
1787573119 33684220 24869685090 0
1787573120 33684421 24869698025 0
1787573121 33684669 24869710132 0
1787573122 33684955 24869722774 0
1787573123 33685376 24869734717 0
1787573124 33686016 24869746813 0
1787573125 33686415 24869758660 0
1787573126 33687272 24869767908 0
1787573127 33688432 24869778141 0
1787573128 33689644 24869789355 0
1787573129 33689829 24869801534 0
1787573130 33689993 24869814536 0
1787573131 33690169 24869826791 0
1787573132 33690316 24869839539 0
1787573133 33690438 24869851714 0
1787573134 33690548 24869863975 0
1787573135 33690694 24869876227 0
