1787572344 33489505 24860698482 0
1787572345 33489756 24860710450 0
1787572346 33490055 24860722427 0
1787572347 33490279 24860734349 0
1787572348 33490493 24860746446 0
1787572349 33490734 24860758494 0
1787572350 33490974 24860770464 0
1787572351 33491232 24860782682 0
1787572353 33491516 24860794631 0
1787572354 33491768 24860806498 0
1787572355 33492124 24860818577 0
1787572356 33492466 24860830188 0
1787572357 33492834 24860842091 0
1787572358 33493151 24860854171 0
1787572359 33493430 24860866328 0
1787572360 33493744 24860878495 0
1787572361 33494084 24860890483 0
1787572362 33494378 24860902517 0
1787572363 33494692 24860914678 0
1787572364 33495066 24860926836 0
1787572365 33495411 24860938886 0
1787572366 33495750 24860950931 0
1787572367 33496113 24860963003 0
1787572368 33496515 24860975097 0
1787572369 33496968 24860987085 0
1787572370 33497372 24860999096 0
1787572371 33497762 24861011145 0
1787572372 33498154 24861023229 0
1787572373 33498584 24861035385 0
1787572374 33499021 24861047343 0
1787572375 33499468 24861059371 0
1787572376 33499872 24861071410 0
1787572377 33500267 24861083329 0
1787572378 33500694 24861095331 0
1787572379 33501113 24861107476 0
1787572380 33501530 24861119503 0
1787572381 33501891 24861131449 0
1787572382 33502269 24861143428 0
1787572383 33502672 24861155264 0
1787572384 33503028 24861166957 0
1787572385 33503465 24861178521 0
1787572386 33503883 24861189938 0
1787572387 33504292 24861201545 0
1787572388 33504627 24861213049 0
1787572389 33504985 24861224660 0
1787572390 33505274 24861236443 0
1787572392 33505591 24861248311 0
1787572393 33505853 24861260221 0
1787572394 33506161 24861272044 0
1787572395 33506492 24861283900 0
1787572396 33506792 24861295540 0
1787572397 33507109 24861306846 0
1787572398 33507526 24861318053 0
1787572399 33507831 24861327281 0
1787572400 33508165 24861334429 0
1787572401 33508463 24861342292 0
1787572402 33508811 24861349673 0
1787572403 33509096 24861358306 0
1787572404 33509359 24861367345 0
1787572405 33509683 24861376777 0
1787572406 33509970 24861386369 0
1787572407 33510203 24861397238 0
1787572408 33510444 24861407704 0
