1787573071 33671260 24869130016 0
1787573072 33671400 24869142250 0
1787573073 33671557 24869154555 0
1787573074 33671693 24869166692 0
1787573075 33671864 24869178875 0
1787573076 33672070 24869190981 0
1787573077 33672287 24869203162 0
1787573078 33672512 24869215491 0
1787573079 33672785 24869227670 0
1787573080 33673050 24869239809 0
1787573081 33673311 24869251918 0
1787573083 33673602 24869264106 0
1787573084 33673897 24869276240 0
1787573085 33674127 24869288522 0
1787573086 33674348 24869300659 0
1787573087 33674572 24869312751 0
1787573088 33674840 24869324936 0
1787573089 33675248 24869337021 0
1787573090 33675526 24869349122 0
1787573091 33675816 24869361276 0
1787573092 33676113 24869373250 0
1787573093 33676631 24869385337 0
1787573094 33677123 24869397290 0
1787573095 33677857 24869407824 0
1787573096 33678997 24869418210 0
1787573097 33680121 24869428928 0
1787573098 33680776 24869439146 0
1787573099 33680961 24869451210 0
1787573100 33681117 24869463361 0
1787573101 33681267 24869475593 0
1787573102 33681450 24869487799 0
1787573103 33681591 24869499979 0
1787573104 33681744 24869512162 0
1787573105 33681914 24869524326 0
1787573106 33682092 24869536580 0
1787573107 33682221 24869549054 0
1787573108 33682390 24869561175 0
1787573109 33682558 24869573401 0
1787573110 33682788 24869585688 0
1787573111 33683018 24869598894 0
1787573112 33683153 24869611158 0
1787573113 33683282 24869623531 0
1787573114 33683451 24869635750 0
1787573115 33683567 24869647955 0
1787573116 33683687 24869660271 0
1787573117 33683838 24869672460 0
1787573118 33684209 24869684444 0
1787573119 33684374 24869696599 0
1787573121 33684629 24869708652 0
1787573122 33684901 24869720749 0
1787573123 33685283 24869732281 0
1787573124 33685955 24869744331 0
1787573125 33686242 24869756416 0
1787573126 33687073 24869765929 0
1787573127 33688144 24869775800 0
1787573128 33689350 24869785845 0
1787573129 33689762 24869797686 0
1787573130 33689943 24869809755 0
1787573131 33690094 24869822014 0
1787573132 33690262 24869834220 0
1787573133 33690391 24869846330 0
1787573134 33690506 24869858490 0
1787573135 33690614 24869870569 0
