1787573159 33696905 24870152313 0
1787573160 33697051 24870164481 0
1787573161 33697154 24870176591 0
1787573162 33697258 24870188884 0
1787573163 33697353 24870201047 0
1787573164 33697454 24870213145 0
1787573165 33697572 24870225315 0
1787573166 33697675 24870237537 0
1787573167 33697787 24870249694 0
1787573168 33697888 24870261949 0
1787573169 33697986 24870274136 0
1787573170 33698093 24870286397 0
1787573171 33698201 24870298680 0
1787573172 33698299 24870310888 0
1787573173 33698408 24870323130 0
1787573175 33698500 24870335345 0
1787573176 33698616 24870347552 0
1787573177 33698730 24870359742 0
1787573178 33698851 24870371935 0
1787573179 33699166 24870383789 0
1787573180 33699305 24870396099 0
1787573181 33699452 24870408308 0
1787573182 33699615 24870420579 0
1787573183 33699944 24870432647 0
1787573184 33700443 24870444784 0
1787573185 33700782 24870456729 0
1787573186 33701714 24870466251 0
1787573187 33702846 24870476131 0
1787573188 33703936 24870486306 0
1787573189 33704139 24870498055 0
1787573190 33704241 24870510222 0
1787573191 33704336 24870522402 0
1787573192 33704438 24870534504 0
1787573193 33704552 24870546743 0
1787573194 33704662 24870558908 0
1787573195 33704754 24870571098 0
1787573196 33704860 24870583331 0
1787573197 33704969 24870595619 0
1787573198 33705078 24870607736 0
1787573199 33705187 24870620028 0
1787573200 33705294 24870632330 0
1787573201 33705410 24870644565 0
1787573202 33705513 24870656790 0
1787573203 33705614 24870669073 0
1787573204 33705730 24870681258 0
1787573205 33705838 24870693411 0
1787573206 33705948 24870705592 0
1787573207 33706053 24870717879 0
1787573208 33706266 24870730027 0
1787573209 33706405 24870742089 0
1787573210 33706574 24870754394 0
1787573211 33706689 24870766681 0
1787573212 33706968 24870778773 0
1787573213 33707401 24870790862 0
1787573214 33707746 24870802970 0
1787573216 33708490 24870814436 0
1787573217 33709453 24870824615 0
1787573218 33710489 24870834889 0
1787573219 33711256 24870846067 0
1787573220 33711356 24870858194 0
1787573221 33711424 24870870578 0
1787573222 33711503 24870882775 0
1787573223 33711603 24870894901 0
