1787573071 33671261 24869130028 0
1787573072 33671401 24869142356 0
1787573073 33671557 24869154582 0
1787573074 33671695 24869166763 0
1787573075 33671870 24869179243 0
1787573076 33672074 24869191575 0
1787573077 33672301 24869203760 0
1787573078 33672531 24869215970 0
1787573079 33672798 24869228222 0
1787573081 33673065 24869240440 0
1787573082 33673335 24869252666 0
1787573083 33673628 24869264822 0
1787573084 33673918 24869276990 0
1787573085 33674137 24869289161 0
1787573086 33674366 24869301239 0
1787573087 33674594 24869313367 0
1787573088 33674862 24869325529 0
1787573089 33675265 24869337752 0
1787573090 33675551 24869349880 0
1787573091 33675832 24869362074 0
1787573092 33676124 24869374166 0
1787573093 33676679 24869386135 0
1787573094 33677145 24869398169 0
1787573095 33677920 24869408698 0
1787573096 33679067 24869418822 0
1787573097 33680241 24869429757 0
1787573098 33680794 24869440200 0
1787573099 33680983 24869452445 0
1787573100 33681131 24869464590 0
1787573101 33681285 24869476843 0
1787573102 33681470 24869488983 0
1787573103 33681616 24869501230 0
1787573104 33681760 24869513490 0
1787573105 33681932 24869525708 0
1787573106 33682112 24869537864 0
1787573107 33682243 24869550274 0
1787573108 33682408 24869562521 0
1787573109 33682567 24869574816 0
1787573110 33682818 24869587117 0
1787573111 33683026 24869599491 0
1787573112 33683159 24869611690 0
1787573113 33683291 24869624098 0
1787573114 33683458 24869636281 0
1787573115 33683577 24869648491 0
1787573116 33683699 24869660895 0
1787573117 33683851 24869673143 0
1787573119 33684218 24869685025 0
1787573120 33684398 24869697300 0
1787573121 33684650 24869709384 0
1787573122 33684922 24869721589 0
1787573123 33685317 24869733143 0
1787573124 33685983 24869745090 0
1787573125 33686264 24869757083 0
1787573126 33687120 24869766401 0
1787573127 33688258 24869776731 0
1787573128 33689439 24869786928 0
1787573129 33689786 24869798963 0
1787573130 33689960 24869811266 0
1787573131 33690113 24869823513 0
1787573132 33690273 24869835633 0
1787573133 33690401 24869847717 0
1787573134 33690518 24869859934 0
1787573135 33690627 24869872069 0
