1787572264 33469084 24859782673 0
1787572265 33469355 24859794499 0
1787572266 33469745 24859806362 0
1787572267 33470112 24859818199 0
1787572268 33470466 24859829971 0
1787572269 33470894 24859842424 0
1787572270 33471222 24859854013 0
1787572271 33471536 24859865995 0
1787572272 33471856 24859875589 0
1787572273 33472214 24859884068 0
1787572274 33472603 24859894091 0
1787572275 33472965 24859904827 0
1787572276 33473292 24859916852 0
1787572277 33473628 24859929320 0
1787572278 33473984 24859941413 0
1787572279 33474284 24859953296 0
1787572280 33474648 24859965345 0
1787572281 33475003 24859977219 0
1787572282 33475349 24859989075 0
1787572283 33475710 24860001565 0
1787572284 33476012 24860013403 0
1787572285 33476337 24860025337 0
1787572286 33476632 24860037680 0
1787572287 33476966 24860049636 0
1787572288 33477311 24860061602 0
1787572289 33477673 24860073725 0
1787572291 33478088 24860085956 0
1787572292 33478412 24860097282 0
1787572293 33478734 24860107183 0
1787572294 33479057 24860118183 0
1787572295 33479321 24860129287 0
1787572296 33479634 24860140236 0
1787572297 33479979 24860151722 0
1787572298 33480263 24860162605 0
1787572299 33480613 24860174549 0
1787572300 33480903 24860186601 0
1787572301 33481204 24860199482 0
1787572302 33481508 24860211537 0
1787572303 33481749 24860223718 0
1787572304 33482013 24860235873 0
1787572305 33482308 24860248101 0
1787572306 33482588 24860260188 0
1787572307 33482865 24860272132 0
1787572308 33483153 24860284180 0
1787572309 33483412 24860296252 0
1787572310 33483716 24860308357 0
1787572311 33483953 24860320303 0
1787572312 33484208 24860332824 0
1787572313 33484469 24860344938 0
1787572314 33484739 24860356915 0
1787572315 33484952 24860368909 0
1787572316 33485194 24860381136 0
1787572317 33485425 24860393034 0
1787572318 33485664 24860404665 0
1787572319 33485905 24860416069 0
1787572321 33486172 24860425036 0
1787572322 33486443 24860435298 0
1787572323 33486701 24860445218 0
1787572324 33486898 24860457248 0
1787572325 33487076 24860469332 0
1787572326 33487275 24860481168 0
1787572327 33487431 24860493249 0
1787572328 33487558 24860505361 0
