1787572093 33427839 24857784194 0
1787572095 33428035 24857797118 0
1787572096 33428222 24857809283 0
1787572097 33428476 24857822190 0
1787572098 33428686 24857835402 0
1787572099 33428971 24857848445 0
1787572100 33429208 24857861231 0
1787572101 33429463 24857873346 0
1787572102 33429785 24857887308 0
1787572103 33430067 24857900467 0
1787572104 33430322 24857913471 0
1787572105 33430613 24857926587 0
1787572107 33430893 24857939483 0
1787572108 33431106 24857951549 0
1787572109 33431331 24857963750 0
1787572110 33431570 24857976223 0
1787572111 33431840 24857988295 0
1787572112 33432105 24858002200 0
1787572113 33432353 24858014351 0
1787572114 33432607 24858027279 0
1787572115 33432844 24858039606 0
1787572116 33433079 24858051859 0
1787572117 33433322 24858064048 0
1787572118 33433635 24858078029 0
1787572119 33433879 24858091141 0
1787572120 33434150 24858103324 0
1787572121 33434411 24858115482 0
1787572122 33434653 24858127970 0
1787572123 33434868 24858140163 0
1787572125 33435094 24858152582 0
1787572126 33435333 24858165603 0
1787572127 33435507 24858177707 0
1787572128 33435700 24858190624 0
1787572129 33435869 24858202815 0
1787572130 33436100 24858215659 0
1787572131 33436343 24858227799 0
1787572132 33436553 24858239958 0
1787572133 33436799 24858252232 0
1787572134 33436995 24858264354 0
1787572135 33437240 24858277278 0
1787572136 33437515 24858290189 0
1787572137 33437836 24858302430 0
1787572138 33438174 24858315283 0
1787572139 33438516 24858328146 0
1787572140 33438748 24858340313 0
1787572141 33438993 24858352437 0
1787572142 33439251 24858364594 0
1787572144 33439559 24858376626 0
1787572145 33439926 24858390436 0
1787572146 33440132 24858402467 0
1787572147 33440478 24858414849 0
1787572148 33440852 24858427440 0
1787572149 33441203 24858440166 0
1787572150 33441553 24858452934 0
1787572151 33441908 24858466738 0
1787572152 33442236 24858479198 0
1787572154 33442642 24858492942 0
1787572155 33442949 24858504794 0
1787572156 33443256 24858517200 0
1787572157 33443640 24858529789 0
