1787571808 33382575 24854446301 0
1787571809 33382761 24854458540 0
1787571810 33382949 24854470975 0
1787571811 33383168 24854483312 0
1787571812 33383427 24854495598 0
1787571813 33383593 24854507839 0
1787571814 33383771 24854520031 0
1787571815 33383940 24854532329 0
1787571817 33384130 24854544508 0
1787571818 33384306 24854556651 0
1787571819 33384550 24854568817 0
1787571820 33384755 24854581124 0
1787571821 33385013 24854593274 0
1787571822 33385185 24854605254 0
1787571823 33385357 24854617122 0
1787571824 33385542 24854628947 0
1787571825 33385790 24854640802 0
1787571826 33386018 24854652789 0
1787571827 33386219 24854664899 0
1787571828 33386467 24854676968 0
1787571829 33386732 24854688863 0
1787571830 33386963 24854700869 0
1787571831 33387163 24854712942 0
1787571832 33387370 24854724911 0
1787571833 33387569 24854736696 0
1787571834 33387788 24854748621 0
1787571835 33387962 24854760564 0
1787571836 33388113 24854772333 0
1787571837 33388355 24854784260 0
1787571838 33388524 24854796264 0
1787571839 33388696 24854808041 0
1787571840 33388825 24854819969 0
1787571841 33388947 24854831971 0
1787571842 33389068 24854843819 0
1787571843 33389211 24854855864 0
1787571844 33389364 24854867578 0
1787571845 33389517 24854879551 0
1787571846 33389648 24854891274 0
1787571847 33389812 24854903141 0
1787571848 33389976 24854915066 0
1787571849 33390089 24854926787 0
1787571850 33390249 24854938690 0
1787571851 33390374 24854950415 0
1787571852 33390542 24854962174 0
1787571853 33390702 24854973926 0
1787571854 33390831 24854985490 0
1787571855 33391002 24854997016 0
1787571856 33391165 24855008730 0
1787571858 33391273 24855020810 0
1787571859 33391435 24855032660 0
1787571860 33391603 24855044327 0
1787571861 33391733 24855056184 0
1787571862 33391896 24855067869 0
1787571863 33392033 24855079474 0
1787571864 33392184 24855091402 0
1787571865 33392328 24855103448 0
1787571866 33392472 24855115584 0
1787571867 33392627 24855127576 0
1787571868 33392803 24855139596 0
1787571869 33392955 24855151505 0
1787571870 33393110 24855163517 0
1787571871 33393179 24855175537 0
1787571872 33393216 24855187477 0
