1787573159 33696909 24870152340 0
1787573160 33697051 24870164487 0
1787573161 33697154 24870176617 0
1787573162 33697256 24870188870 0
1787573163 33697353 24870201045 0
1787573164 33697457 24870213286 0
1787573165 33697573 24870225424 0
1787573166 33697675 24870237535 0
1787573167 33697787 24870249679 0
1787573168 33697888 24870261935 0
1787573169 33697984 24870274058 0
1787573170 33698090 24870286246 0
1787573171 33698197 24870298408 0
1787573172 33698295 24870310614 0
1787573173 33698402 24870322770 0
1787573174 33698496 24870335031 0
1787573176 33698609 24870347216 0
1787573177 33698726 24870359487 0
1787573178 33698847 24870371664 0
1787573179 33699162 24870383450 0
1787573180 33699294 24870395626 0
1787573181 33699447 24870407790 0
1787573182 33699603 24870420022 0
1787573183 33699926 24870432065 0
1787573184 33700432 24870444302 0
1787573185 33700739 24870456311 0
1787573186 33701635 24870465604 0
1787573187 33702973 24870477224 0
1787573188 33704047 24870487895 0
1787573189 33704155 24870499968 0
1787573190 33704258 24870512134 0
1787573191 33704352 24870524456 0
1787573192 33704459 24870536682 0
1787573193 33704574 24870549118 0
1787573194 33704679 24870561348 0
1787573195 33704778 24870573595 0
1787573196 33704880 24870585872 0
1787573197 33704990 24870598159 0
1787573198 33705107 24870610312 0
1787573199 33705209 24870622576 0
1787573200 33705317 24870634730 0
1787573201 33705433 24870646964 0
1787573202 33705537 24870659134 0
1787573203 33705637 24870671300 0
1787573204 33705755 24870683463 0
1787573205 33705856 24870695773 0
1787573206 33705970 24870707980 0
1787573207 33706085 24870720200 0
1787573209 33706334 24870732271 0
1787573210 33706449 24870744366 0
1787573211 33706608 24870756558 0
1787573212 33706725 24870768699 0
1787573213 33707036 24870780678 0
1787573214 33707477 24870792850 0
1787573215 33707812 24870805032 0
1787573216 33708550 24870814987 0
1787573217 33709479 24870824857 0
1787573218 33710515 24870835103 0
1787573219 33711259 24870846171 0
1787573220 33711357 24870858291 0
1787573221 33711424 24870870523 0
1787573222 33711501 24870882671 0
1787573223 33711601 24870894746 0
