1787572093 33427841 24857784249 0
1787572094 33428022 24857796444 0
1787572095 33428207 24857808728 0
1787572097 33428447 24857821008 0
1787572098 33428639 24857833143 0
1787572099 33428913 24857845318 0
1787572100 33429127 24857857626 0
1787572101 33429389 24857870043 0
1787572102 33429651 24857882203 0
1787572103 33429940 24857894540 0
1787572104 33430206 24857906654 0
1787572105 33430456 24857918843 0
1787572106 33430712 24857931010 0
1787572107 33430967 24857943220 0
1787572108 33431178 24857955307 0
1787572109 33431401 24857967502 0
1787572110 33431651 24857979703 0
1787572111 33431925 24857991876 0
1787572112 33432148 24858004118 0
1787572113 33432397 24858016360 0
1787572114 33432631 24858028522 0
1787572115 33432866 24858040813 0
1787572116 33433108 24858053197 0
1787572117 33433351 24858065404 0
1787572118 33433631 24858077727 0
1787572119 33433851 24858089932 0
1787572120 33434114 24858101961 0
1787572121 33434371 24858114021 0
1787572122 33434609 24858126173 0
1787572123 33434836 24858138303 0
1787572124 33435044 24858150578 0
1787572125 33435272 24858162699 0
1787572126 33435453 24858175089 0
1787572127 33435642 24858187269 0
1787572128 33435822 24858199539 0
1787572129 33436030 24858211790 0
1787572131 33436286 24858223891 0
1787572132 33436481 24858236003 0
1787572133 33436729 24858248119 0
1787572134 33436919 24858260303 0
1787572135 33437117 24858272395 0
1787572136 33437423 24858284707 0
1787572137 33437682 24858296914 0
1787572138 33438007 24858308934 0
1787572139 33438317 24858321023 0
1787572140 33438619 24858333090 0
1787572141 33438868 24858345210 0
1787572142 33439077 24858357304 0
1787572143 33439370 24858369464 0
1787572144 33439704 24858381632 0
1787572145 33440004 24858393710 0
1787572146 33440217 24858405618 0
1787572147 33440551 24858417335 0
1787572148 33440911 24858429131 0
1787572149 33441230 24858441005 0
1787572150 33441549 24858452838 0
1787572151 33441833 24858464687 0
1787572152 33442157 24858476325 0
1787572153 33442492 24858488014 0
1787572154 33442817 24858499921 0
1787572155 33443090 24858511771 0
1787572156 33443443 24858523532 0
1787572157 33443787 24858535182 0
