1787571808 33382575 24854446304 0
1787571809 33382761 24854458569 0
1787571810 33382946 24854470820 0
1787571811 33383164 24854483024 0
1787571812 33383416 24854495179 0
1787571813 33383586 24854507384 0
1787571814 33383758 24854519519 0
1787571815 33383923 24854531796 0
1787571816 33384112 24854544067 0
1787571817 33384303 24854556151 0
1787571819 33384536 24854568245 0
1787571820 33384745 24854580493 0
1787571821 33385002 24854592621 0
1787571822 33385175 24854604647 0
1787571823 33385348 24854616561 0
1787571824 33385524 24854628315 0
1787571825 33385781 24854640233 0
1787571826 33386009 24854652181 0
1787571827 33386202 24854664192 0
1787571828 33386453 24854676331 0
1787571829 33386723 24854688253 0
1787571830 33386952 24854700259 0
1787571831 33387150 24854712238 0
1787571832 33387360 24854724251 0
1787571833 33387556 24854736149 0
1787571834 33387778 24854748180 0
1787571835 33387952 24854760037 0
1787571836 33388103 24854771887 0
1787571837 33388347 24854783768 0
1787571838 33388519 24854795700 0
1787571839 33388688 24854807540 0
1787571840 33388816 24854819422 0
1787571841 33388939 24854831365 0
1787571842 33389062 24854843217 0
1787571843 33389206 24854855351 0
1787571844 33389356 24854867059 0
1787571845 33389513 24854878953 0
1787571846 33389641 24854890771 0
1787571847 33389803 24854902786 0
1787571848 33389974 24854914661 0
1787571849 33390083 24854926336 0
1787571850 33390244 24854938243 0
1787571851 33390367 24854950088 0
1787571852 33390539 24854961887 0
1787571853 33390700 24854973704 0
1787571854 33390826 24854985302 0
1787571855 33391000 24854996941 0
1787571856 33391166 24855008759 0
1787571858 33391273 24855020805 0
1787571859 33391435 24855032669 0
1787571860 33391604 24855044407 0
1787571861 33391733 24855056193 0
1787571862 33391896 24855067858 0
1787571863 33392036 24855079530 0
1787571864 33392187 24855091494 0
1787571865 33392328 24855103461 0
1787571866 33392473 24855115623 0
1787571867 33392631 24855127733 0
1787571868 33392805 24855139629 0
1787571869 33392955 24855151505 0
1787571870 33393110 24855163558 0
1787571871 33393177 24855175455 0
1787571872 33393216 24855187440 0
