1787572344 33489505 24860698492 0
1787572345 33489756 24860710432 0
1787572346 33490053 24860722300 0
1787572347 33490276 24860734259 0
1787572348 33490490 24860746224 0
1787572349 33490727 24860758282 0
1787572350 33490970 24860770331 0
1787572351 33491227 24860782326 0
1787572352 33491506 24860794195 0
1787572353 33491747 24860805873 0
1787572355 33492104 24860817902 0
1787572356 33492444 24860829530 0
1787572357 33492817 24860841465 0
1787572358 33493139 24860853633 0
1787572359 33493415 24860865762 0
1787572360 33493728 24860877921 0
1787572361 33494073 24860889908 0
1787572362 33494367 24860901997 0
1787572363 33494672 24860914114 0
1787572364 33495042 24860926182 0
1787572365 33495394 24860938276 0
1787572366 33495732 24860950379 0
1787572367 33496101 24860962638 0
1787572368 33496504 24860974620 0
1787572369 33496956 24860986694 0
1787572370 33497362 24860998850 0
1787572371 33497757 24861010988 0
1787572372 33498150 24861023083 0
1787572373 33498574 24861035138 0
1787572374 33499014 24861047215 0
1787572375 33499468 24861059369 0
1787572376 33499874 24861071443 0
1787572377 33500267 24861083316 0
1787572378 33500693 24861095318 0
1787572379 33501111 24861107404 0
1787572380 33501523 24861119417 0
1787572381 33501888 24861131343 0
1787572382 33502263 24861143330 0
1787572383 33502672 24861155257 0
1787572384 33503026 24861166893 0
1787572385 33503460 24861178396 0
1787572386 33503881 24861189853 0
1787572387 33504285 24861201405 0
1787572388 33504621 24861212910 0
1787572389 33504977 24861224484 0
1787572390 33505267 24861236197 0
1787572391 33505582 24861247954 0
1787572393 33505842 24861259889 0
1787572394 33506150 24861271672 0
1787572395 33506480 24861283559 0
1787572396 33506785 24861295191 0
1787572397 33507097 24861306558 0
1787572398 33507521 24861317859 0
1787572399 33507818 24861327116 0
1787572400 33508160 24861334330 0
1787572401 33508455 24861342170 0
1787572402 33508805 24861349557 0
1787572403 33509089 24861358154 0
1787572404 33509355 24861367124 0
1787572405 33509678 24861376609 0
1787572406 33509967 24861386261 0
1787572407 33510202 24861397205 0
1787572408 33510445 24861407772 0
