1787573159 33696904 24870152288 0
1787573160 33697050 24870164467 0
1787573161 33697154 24870176612 0
1787573162 33697256 24870188871 0
1787573163 33697358 24870201193 0
1787573164 33697459 24870213389 0
1787573165 33697575 24870225541 0
1787573166 33697680 24870237675 0
1787573167 33697793 24870249960 0
1787573168 33697892 24870262185 0
1787573169 33697990 24870274376 0
1787573170 33698095 24870286536 0
1787573171 33698204 24870298811 0
1787573172 33698301 24870310955 0
1787573173 33698408 24870323130 0
1787573175 33698500 24870335342 0
1787573176 33698617 24870347610 0
1787573177 33698733 24870360038 0
1787573178 33698857 24870372317 0
1787573179 33699176 24870384187 0
1787573180 33699308 24870396260 0
1787573181 33699457 24870408615 0
1787573182 33699623 24870420918 0
1787573183 33699958 24870432862 0
1787573184 33700455 24870445008 0
1787573185 33700812 24870456950 0
1787573186 33701762 24870466722 0
1787573187 33702948 24870477023 0
1787573188 33703995 24870486913 0
1787573189 33704145 24870498804 0
1787573190 33704247 24870510876 0
1787573191 33704342 24870523229 0
1787573192 33704447 24870535430 0
1787573193 33704558 24870547769 0
1787573194 33704668 24870559969 0
1787573195 33704766 24870572185 0
1787573196 33704871 24870584415 0
1787573197 33704983 24870596587 0
1787573198 33705093 24870608877 0
1787573199 33705199 24870620999 0
1787573200 33705304 24870633264 0
1787573201 33705421 24870645468 0
1787573202 33705521 24870657727 0
1787573203 33705626 24870670109 0
1787573204 33705738 24870682332 0
1787573205 33705846 24870694488 0
1787573206 33705959 24870706654 0
1787573207 33706070 24870718880 0
1787573208 33706305 24870731123 0
1787573209 33706424 24870743207 0
1787573210 33706586 24870755353 0
1787573211 33706702 24870767575 0
1787573212 33706999 24870779654 0
1787573214 33707425 24870791668 0
1787573215 33707759 24870803674 0
1787573216 33708491 24870814440 0
1787573217 33709461 24870824690 0
1787573218 33710510 24870835067 0
1787573219 33711260 24870846218 0
1787573220 33711359 24870858375 0
1787573221 33711426 24870870673 0
1787573222 33711503 24870882785 0
1787573223 33711604 24870895003 0
