1787572264 33469081 24859782595 0
1787572265 33469353 24859794425 0
1787572266 33469746 24859806394 0
1787572267 33470111 24859818188 0
1787572268 33470467 24859829978 0
1787572269 33470878 24859841793 0
1787572270 33471209 24859853425 0
1787572271 33471507 24859864858 0
1787572272 33471824 24859874752 0
1787572273 33472183 24859883142 0
1787572274 33472551 24859892803 0
1787572275 33472923 24859903242 0
1787572276 33473250 24859915410 0
1787572277 33473559 24859927423 0
1787572278 33473939 24859939371 0
1787572279 33474229 24859951191 0
1787572280 33474570 24859962933 0
1787572281 33474927 24859974799 0
1787572282 33475273 24859986795 0
1787572283 33475645 24859998729 0
1787572284 33475940 24860010759 0
1787572285 33476252 24860022797 0
1787572286 33476557 24860034815 0
1787572287 33476896 24860046807 0
1787572288 33477216 24860058791 0
1787572289 33477559 24860070579 0
1787572290 33477978 24860082089 0
1787572291 33478303 24860093693 0
1787572292 33478624 24860104153 0
1787572293 33478974 24860114982 0
1787572294 33479233 24860126007 0
1787572295 33479537 24860137135 0
1787572296 33479840 24860147891 0
1787572297 33480173 24860158798 0
1787572298 33480464 24860168560 0
1787572299 33480775 24860180597 0
1787572300 33481035 24860192715 0
1787572301 33481349 24860204803 0
1787572302 33481619 24860216910 0
1787572303 33481872 24860228978 0
1787572305 33482127 24860241032 0
1787572306 33482443 24860253206 0
1787572307 33482690 24860265172 0
1787572308 33482987 24860277124 0
1787572309 33483243 24860289151 0
1787572310 33483540 24860301176 0
1787572311 33483818 24860313264 0
1787572312 33484059 24860325436 0
1787572313 33484322 24860337451 0
1787572314 33484566 24860349491 0
1787572315 33484816 24860361482 0
1787572316 33485058 24860373614 0
1787572317 33485277 24860385592 0
1787572318 33485526 24860397361 0
1787572319 33485764 24860408997 0
1787572320 33486012 24860419894 0
1787572321 33486259 24860428982 0
1787572322 33486532 24860438567 0
1787572323 33486760 24860449059 0
1787572324 33486950 24860460966 0
1787572325 33487128 24860472874 0
1787572326 33487326 24860484914 0
1787572327 33487482 24860496998 0
1787572328 33487599 24860509190 0
