1787572593 33535779 24863598386 0
1787572595 33536106 24863610585 0
1787572596 33536473 24863622674 0
1787572597 33536826 24863634885 0
1787572598 33537158 24863646921 0
1787572599 33537440 24863659019 0
1787572600 33537739 24863671071 0
1787572601 33538071 24863683151 0
1787572602 33538358 24863695218 0
1787572603 33538658 24863707457 0
1787572604 33538970 24863719420 0
1787572605 33539288 24863731285 0
1787572606 33539581 24863742951 0
1787572607 33539902 24863754482 0
1787572608 33540265 24863766054 0
1787572609 33540744 24863777942 0
1787572610 33541049 24863789825 0
1787572611 33541411 24863801601 0
1787572612 33541725 24863813399 0
1787572613 33542123 24863824917 0
1787572614 33542389 24863836203 0
1787572615 33542590 24863847457 0
1787572616 33542894 24863858713 0
1787572617 33543159 24863869767 0
1787572618 33543442 24863880910 0
1787572619 33543699 24863891934 0
1787572620 33543963 24863902994 0
1787572621 33544212 24863914424 0
1787572622 33544463 24863925896 0
1787572623 33544670 24863937422 0
1787572624 33544897 24863948936 0
1787572625 33545139 24863960526 0
1787572626 33545371 24863972027 0
1787572627 33545617 24863983496 0
1787572628 33545866 24863995050 0
1787572629 33546123 24864006620 0
1787572630 33546348 24864018223 0
1787572631 33546560 24864029686 0
1787572632 33546899 24864041066 0
1787572633 33547086 24864052452 0
1787572634 33547315 24864063926 0
1787572635 33547607 24864075335 0
1787572636 33548073 24864086499 0
1787572638 33548403 24864097347 0
1787572639 33548792 24864108341 0
1787572640 33549033 24864119171 0
1787572641 33549291 24864130097 0
1787572642 33549483 24864141005 0
1787572643 33549682 24864151881 0
1787572644 33549876 24864162765 0
1787572645 33550100 24864173613 0
1787572646 33550340 24864184531 0
1787572647 33550538 24864195382 0
1787572648 33550753 24864206341 0
1787572649 33550998 24864217276 0
1787572650 33551233 24864228180 0
1787572651 33551446 24864239205 0
1787572652 33551673 24864250141 0
1787572653 33551933 24864261134 0
1787572654 33552235 24864272180 0
1787572655 33552453 24864283105 0
1787572656 33552735 24864294107 0
1787572657 33552964 24864305386 0
