1787571727 33371067 24853500367 0
1787571728 33371255 24853512178 0
1787571729 33371435 24853523955 0
1787571730 33371612 24853535805 0
1787571731 33371787 24853547775 0
1787571732 33371932 24853559722 0
1787571733 33372048 24853571502 0
1787571734 33372203 24853583302 0
1787571735 33372370 24853595068 0
1787571736 33372541 24853606930 0
1787571737 33372662 24853618670 0
1787571738 33372780 24853630520 0
1787571739 33372965 24853642351 0
1787571740 33373121 24853654068 0
1787571741 33373315 24853665915 0
1787571742 33373575 24853677551 0
1787571743 33373850 24853689406 0
1787571744 33374102 24853701328 0
1787571745 33374295 24853713095 0
1787571746 33374428 24853724986 0
1787571747 33374608 24853736681 0
1787571748 33374798 24853748507 0
1787571749 33374941 24853760301 0
1787571750 33375119 24853772157 0
1787571751 33375289 24853783957 0
1787571752 33375465 24853795662 0
1787571753 33375657 24853807346 0
1787571755 33375791 24853818950 0
1787571756 33375921 24853830827 0
1787571757 33376052 24853842626 0
1787571758 33376212 24853854332 0
1787571759 33376365 24853866144 0
1787571760 33376511 24853877914 0
1787571761 33376685 24853889856 0
1787571762 33376829 24853901657 0
1787571763 33376998 24853913367 0
1787571764 33377132 24853925294 0
1787571765 33377278 24853937172 0
1787571766 33377443 24853948932 0
1787571767 33377606 24853960757 0
1787571768 33377781 24853972349 0
1787571769 33377982 24853984168 0
1787571770 33378156 24853995671 0
1787571771 33378301 24854007380 0
1787571772 33378443 24854019153 0
1787571773 33378611 24854030778 0
1787571774 33378792 24854042657 0
1787571775 33378936 24854054488 0
1787571776 33379090 24854066236 0
1787571777 33379213 24854077997 0
1787571778 33379376 24854089799 0
1787571779 33379504 24854101557 0
1787571780 33379665 24854113668 0
1787571781 33379814 24854125714 0
1787571782 33379983 24854137843 0
1787571783 33380172 24854150041 0
1787571784 33380360 24854162209 0
1787571785 33380558 24854174290 0
1787571786 33380699 24854186023 0
1787571787 33380847 24854197849 0
1787571788 33381023 24854209646 0
1787571789 33381146 24854221603 0
1787571790 33381301 24854233471 0
1787571791 33381466 24854245298 0
