1787572774 33586227 24865661631 0
1787572775 33586369 24865674155 0
1787572776 33586533 24865687306 0
1787572777 33586705 24865700360 0
1787572779 33586884 24865713487 0
1787572780 33587029 24865725662 0
1787572781 33587198 24865738633 0
1787572782 33587361 24865751583 0
1787572783 33587503 24865764706 0
1787572784 33587665 24865776871 0
1787572785 33587823 24865789902 0
1787572786 33587986 24865802986 0
1787572787 33588164 24865817331 0
1787572788 33588422 24865830303 0
1787572789 33588781 24865842041 0
1787572790 33588980 24865854217 0
1787572792 33589172 24865867119 0
1787572793 33589468 24865881014 0
1787572794 33590012 24865894015 0
1787572795 33590393 24865906021 0
1787572796 33591069 24865916880 0
1787572797 33592260 24865928475 0
1787572798 33593376 24865938663 0
1787572799 33594012 24865949767 0
1787572800 33594238 24865962246 0
1787572801 33594406 24865974366 0
1787572802 33594536 24865986490 0
1787572803 33594703 24865999302 0
1787572804 33594930 24866012462 0
1787572805 33595152 24866025720 0
1787572806 33595307 24866037992 0
1787572807 33595447 24866050134 0
1787572809 33595592 24866062515 0
1787572810 33595732 24866075422 0
1787572811 33595931 24866088549 0
1787572812 33596107 24866100679 0
1787572813 33596267 24866113013 0
1787572814 33596411 24866125536 0
1787572815 33596612 24866138718 0
1787572816 33596782 24866151865 0
1787572817 33596944 24866164956 0
1787572818 33597222 24866177842 0
1787572819 33597442 24866190044 0
1787572820 33597660 24866202794 0
1787572821 33597846 24866216081 0
1787572823 33598188 24866228716 0
1787572824 33598747 24866240664 0
1787572825 33599164 24866253542 0
1787572826 33600020 24866264900 0
1787572827 33601188 24866275649 0
1787572828 33602459 24866286912 0
1787572829 33602753 24866298849 0
1787572830 33602942 24866311003 0
1787572831 33603129 24866323240 0
1787572832 33603309 24866335346 0
1787572833 33603499 24866347577 0
1787572834 33603691 24866360656 0
1787572835 33603837 24866373802 0
1787572836 33604031 24866386790 0
1787572837 33604225 24866399759 0
1787572839 33604433 24866412892 0
