1787572774 33586227 24865661630 0
1787572775 33586359 24865673760 0
1787572776 33586514 24865686178 0
1787572777 33586678 24865698429 0
1787572778 33586846 24865710681 0
1787572779 33586988 24865722884 0
1787572780 33587148 24865735085 0
1787572781 33587304 24865747267 0
1787572782 33587451 24865759451 0
1787572783 33587597 24865771609 0
1787572784 33587762 24865783832 0
1787572785 33587896 24865795969 0
1787572786 33588056 24865808367 0
1787572788 33588221 24865820618 0
1787572789 33588480 24865832926 0
1787572790 33588814 24865844813 0
1787572791 33589036 24865856922 0
1787572792 33589189 24865869072 0
1787572793 33589474 24865881105 0
1787572794 33589972 24865893143 0
1787572795 33590375 24865905218 0
1787572796 33591040 24865916592 0
1787572797 33592082 24865927163 0
1787572798 33593186 24865937219 0
1787572799 33593990 24865948094 0
1787572800 33594202 24865960241 0
1787572801 33594373 24865972408 0
1787572802 33594496 24865984501 0
1787572803 33594657 24865996706 0
1787572804 33594871 24866008975 0
1787572805 33595084 24866021251 0
1787572806 33595252 24866033589 0
1787572807 33595381 24866045805 0
1787572808 33595556 24866058047 0
1787572809 33595668 24866070326 0
1787572810 33595842 24866082504 0
1787572811 33596029 24866094780 0
1787572812 33596190 24866106932 0
1787572813 33596324 24866119253 0
1787572814 33596505 24866131583 0
1787572815 33596667 24866143799 0
1787572816 33596846 24866155976 0
1787572817 33596993 24866168227 0
1787572818 33597297 24866180454 0
1787572819 33597474 24866192694 0
1787572820 33597695 24866204798 0
1787572822 33597865 24866217100 0
1787572823 33598205 24866229131 0
1787572824 33598775 24866241170 0
1787572825 33599150 24866253188 0
1787572826 33599890 24866263579 0
1787572827 33601027 24866274149 0
1787572828 33602220 24866284725 0
1787572829 33602727 24866296620 0
1787572830 33602918 24866308819 0
1787572831 33603095 24866320899 0
1787572832 33603273 24866333042 0
1787572833 33603462 24866345217 0
1787572834 33603648 24866357347 0
1787572835 33603786 24866369554 0
1787572836 33603957 24866381707 0
1787572837 33604143 24866393856 0
1787572838 33604331 24866406062 0
