1787571727 33371063 24853500239 0
1787571728 33371248 24853512047 0
1787571729 33371440 24853524292 0
1787571730 33371614 24853535991 0
1787571731 33371790 24853547875 0
1787571732 33371932 24853559757 0
1787571733 33372051 24853571703 0
1787571734 33372215 24853584175 0
1787571735 33372400 24853596937 0
1787571736 33372564 24853608830 0
1787571737 33372696 24853620529 0
1787571738 33372803 24853632331 0
1787571739 33372999 24853644448 0
1787571740 33373165 24853656915 0
1787571741 33373362 24853668613 0
1787571742 33373627 24853680185 0
1787571743 33373899 24853692011 0
1787571745 33374163 24853703989 0
1787571746 33374321 24853715816 0
1787571747 33374459 24853727669 0
1787571748 33374653 24853739313 0
1787571749 33374834 24853751395 0
1787571750 33374980 24853763325 0
1787571751 33375180 24853776762 0
1787571752 33375341 24853788545 0
1787571753 33375535 24853800188 0
1787571754 33375704 24853811743 0
1787571755 33375845 24853823519 0
1787571756 33375970 24853835316 0
1787571757 33376122 24853846954 0
1787571758 33376289 24853858695 0
1787571759 33376409 24853870952 0
1787571760 33376578 24853882838 0
1787571761 33376747 24853894653 0
1787571762 33376884 24853906479 0
1787571763 33377050 24853918243 0
1787571764 33377201 24853930226 0
1787571765 33377356 24853942418 0
1787571766 33377520 24853954172 0
1787571767 33377684 24853966535 0
1787571768 33377900 24853979289 0
1787571770 33378094 24853991705 0
1787571771 33378256 24854004241 0
1787571772 33378398 24854016168 0
1787571773 33378579 24854028345 0
1787571774 33378774 24854041142 0
1787571775 33378908 24854052844 0
1787571776 33379070 24854065076 0
1787571777 33379195 24854076825 0
1787571778 33379353 24854088555 0
1787571779 33379482 24854100270 0
1787571780 33379654 24854112506 0
1787571781 33379794 24854124583 0
1787571782 33379965 24854136843 0
1787571783 33380156 24854149075 0
1787571784 33380363 24854162308 0
1787571785 33380568 24854175089 0
1787571786 33380702 24854186765 0
1787571788 33380873 24854199265 0
1787571789 33381064 24854212164 0
1787571790 33381182 24854224045 0
1787571791 33381344 24854236144 0
