1787572008 33414979 24856773720 0
1787572009 33415186 24856785662 0
1787572010 33415373 24856797497 0
1787572011 33415576 24856809490 0
1787572012 33415804 24856821388 0
1787572013 33416016 24856833230 0
1787572014 33416203 24856845393 0
1787572015 33416414 24856857559 0
1787572016 33416604 24856869578 0
1787572017 33416773 24856881605 0
1787572018 33416947 24856893684 0
1787572019 33417104 24856905414 0
1787572020 33417255 24856917314 0
1787572021 33417416 24856929214 0
1787572022 33417560 24856941198 0
1787572023 33417735 24856953240 0
1787572024 33417880 24856965017 0
1787572025 33417998 24856976834 0
1787572026 33418095 24856988645 0
1787572027 33418233 24857000395 0
1787572028 33418371 24857012150 0
1787572029 33418534 24857023975 0
1787572030 33418709 24857035955 0
1787572031 33418843 24857048037 0
1787572032 33419007 24857060067 0
1787572034 33419169 24857072280 0
1787572035 33419315 24857084584 0
1787572036 33419458 24857096877 0
1787572037 33419619 24857109067 0
1787572038 33419764 24857121311 0
1787572039 33419919 24857133462 0
1787572040 33420064 24857145851 0
1787572041 33420205 24857158074 0
1787572042 33420371 24857170339 0
1787572043 33420549 24857182534 0
1787572044 33420698 24857194688 0
1787572045 33420863 24857206995 0
1787572046 33421013 24857219274 0
1787572047 33421131 24857231508 0
1787572048 33421282 24857243784 0
1787572049 33421443 24857255914 0
1787572050 33421607 24857268136 0
1787572051 33421779 24857280307 0
1787572052 33421897 24857292470 0
1787572053 33422018 24857304808 0
1787572054 33422190 24857316938 0
1787572055 33422370 24857329170 0
1787572056 33422503 24857341288 0
1787572057 33422685 24857353280 0
1787572058 33422846 24857365425 0
1787572059 33422971 24857377453 0
1787572060 33423117 24857389708 0
1787572061 33423279 24857401933 0
1787572062 33423426 24857414248 0
1787572063 33423588 24857426540 0
1787572064 33423700 24857438783 0
1787572065 33423855 24857451073 0
1787572066 33424015 24857463324 0
1787572067 33424227 24857475546 0
1787572069 33424425 24857487741 0
1787572070 33424654 24857500017 0
1787572071 33424865 24857512174 0
1787572072 33425018 24857524484 0
