1787572183 33447641 24858843594 0
1787572184 33447859 24858855714 0
1787572185 33448125 24858867908 0
1787572186 33448379 24858880069 0
1787572187 33448613 24858892182 0
1787572188 33448878 24858904151 0
1787572189 33449141 24858916244 0
1787572190 33449341 24858928354 0
1787572191 33449557 24858940340 0
1787572192 33449778 24858952246 0
1787572193 33450049 24858964388 0
1787572194 33450303 24858976418 0
1787572195 33450608 24858988479 0
1787572197 33450899 24859000618 0
1787572198 33451147 24859012553 0
1787572199 33451408 24859024583 0
1787572200 33451703 24859036549 0
1787572201 33452018 24859048604 0
1787572202 33452319 24859060972 0
1787572203 33452564 24859073036 0
1787572204 33452861 24859085075 0
1787572205 33453184 24859097090 0
1787572206 33453489 24859108964 0
1787572207 33453745 24859120872 0
1787572208 33454002 24859132709 0
1787572209 33454339 24859144473 0
1787572210 33454649 24859156377 0
1787572211 33454939 24859168228 0
1787572212 33455211 24859179977 0
1787572213 33455529 24859191852 0
1787572214 33455815 24859203595 0
1787572215 33456117 24859215350 0
1787572216 33456394 24859227106 0
1787572217 33456638 24859239026 0
1787572218 33456916 24859250793 0
1787572219 33457185 24859262663 0
1787572220 33457432 24859274535 0
1787572221 33457710 24859286396 0
1787572222 33457996 24859298262 0
1787572223 33458296 24859309987 0
1787572224 33458634 24859321695 0
1787572225 33458934 24859333484 0
1787572226 33459214 24859345422 0
1787572227 33459506 24859357389 0
1787572228 33459813 24859369426 0
1787572229 33460109 24859381611 0
1787572230 33460427 24859393687 0
1787572231 33460712 24859405771 0
1787572232 33460991 24859417785 0
1787572233 33461270 24859430089 0
1787572234 33461546 24859442241 0
1787572236 33461839 24859454403 0
1787572237 33462158 24859466539 0
1787572238 33462435 24859478622 0
1787572239 33462825 24859490647 0
1787572240 33463164 24859502686 0
1787572241 33463482 24859514643 0
1787572242 33463892 24859526700 0
1787572243 33464198 24859538655 0
1787572244 33464514 24859550490 0
1787572245 33464850 24859562426 0
1787572246 33465249 24859574371 0
1787572247 33465658 24859586414 0
