1787572008 33414994 24856774520 0
1787572009 33415215 24856787389 0
1787572010 33415417 24856800070 0
1787572011 33415644 24856812809 0
1787572012 33415866 24856824716 0
1787572013 33416082 24856837341 0
1787572015 33416302 24856851231 0
1787572016 33416491 24856863221 0
1787572017 33416671 24856875286 0
1787572018 33416847 24856887228 0
1787572019 33417015 24856899061 0
1787572020 33417165 24856910886 0
1787572021 33417338 24856922769 0
1787572022 33417484 24856935399 0
1787572023 33417643 24856947561 0
1787572024 33417809 24856959570 0
1787572025 33417943 24856971319 0
1787572026 33418047 24856983059 0
1787572027 33418145 24856994778 0
1787572028 33418300 24857006677 0
1787572029 33418469 24857019544 0
1787572030 33418651 24857032287 0
1787572031 33418793 24857044313 0
1787572032 33418968 24857057188 0
1787572033 33419118 24857069303 0
1787572034 33419273 24857081532 0
1787572035 33419426 24857093977 0
1787572036 33419590 24857106156 0
1787572037 33419739 24857118381 0
1787572038 33419882 24857130596 0
1787572039 33420024 24857142786 0
1787572040 33420168 24857154911 0
1787572042 33420325 24857167646 0
1787572043 33420506 24857179820 0
1787572044 33420665 24857192701 0
1787572045 33420833 24857204991 0
1787572046 33420982 24857217243 0
1787572047 33421112 24857229430 0
1787572048 33421259 24857241668 0
1787572049 33421423 24857254394 0
1787572050 33421591 24857266492 0
1787572051 33421759 24857279224 0
1787572052 33421897 24857292370 0
1787572053 33422015 24857304616 0
1787572054 33422195 24857317061 0
1787572055 33422395 24857331424 0
1787572056 33422527 24857343486 0
1787572057 33422708 24857355771 0
1787572058 33422870 24857367870 0
1787572059 33422998 24857380030 0
1787572061 33423167 24857392546 0
1787572062 33423334 24857405827 0
1787572063 33423479 24857418181 0
1787572064 33423614 24857430449 0
1787572065 33423754 24857442637 0
1787572066 33423916 24857454791 0
1787572067 33424094 24857467548 0
1787572068 33424316 24857480765 0
1787572069 33424525 24857493001 0
1787572070 33424761 24857505933 0
1787572071 33424949 24857518087 0
1787572072 33425130 24857530554 0
