1787573239 33712641 24871089123 0
1787573240 33712843 24871101303 0
1787573241 33713071 24871113426 0
1787573242 33713254 24871125666 0
1787573243 33713497 24871137681 0
1787573244 33713681 24871149902 0
1787573245 33713847 24871162114 0
1787573246 33714006 24871174483 0
1787573247 33714243 24871186696 0
1787573248 33714486 24871198886 0
1787573249 33714839 24871210954 0
1787573250 33715404 24871223007 0
1787573251 33715949 24871234782 0
1787573252 33717056 24871243755 0
1787573253 33718301 24871253925 0
1787573254 33718726 24871265691 0
1787573255 33718882 24871277987 0
1787573256 33719043 24871290217 0
1787573258 33719199 24871302460 0
1787573259 33719365 24871314762 0
1787573260 33719530 24871327080 0
1787573261 33719660 24871339364 0
1787573262 33719801 24871351645 0
1787573263 33719931 24871363832 0
1787573264 33720087 24871376059 0
1787573265 33720275 24871388318 0
1787573266 33720453 24871400585 0
1787573267 33720636 24871412921 0
1787573268 33720851 24871425204 0
1787573269 33721122 24871437268 0
1787573270 33721343 24871449432 0
1787573271 33721541 24871461538 0
1787573272 33721716 24871473647 0
1787573273 33722113 24871485668 0
1787573274 33722695 24871497807 0
1787573275 33723067 24871509682 0
1787573276 33724028 24871519720 0
1787573277 33725004 24871529727 0
1787573278 33726103 24871539920 0
1787573279 33726535 24871551357 0
1787573280 33726728 24871563522 0
1787573281 33726924 24871575790 0
1787573282 33727096 24871588272 0
1787573283 33727262 24871600399 0
1787573284 33727414 24871612534 0
1787573285 33727592 24871624668 0
1787573286 33727745 24871636824 0
1787573287 33727903 24871649018 0
1787573288 33728029 24871661211 0
1787573289 33728133 24871673438 0
1787573290 33728307 24871685667 0
1787573291 33728477 24871697825 0
1787573292 33728625 24871710012 0
1787573293 33728764 24871722192 0
1787573294 33728943 24871734505 0
1787573295 33729087 24871746725 0
1787573296 33729248 24871758857 0
1787573298 33729424 24871771075 0
1787573299 33729730 24871783126 0
1787573300 33730043 24871794982 0
1787573301 33730247 24871807280 0
1787573302 33730474 24871819462 0
1787573303 33730836 24871831270 0
