1787572183 33447643 24858843640 0
1787572184 33447859 24858855737 0
1787572185 33448128 24858867973 0
1787572186 33448377 24858879965 0
1787572187 33448613 24858892142 0
1787572188 33448878 24858904132 0
1787572189 33449142 24858916294 0
1787572190 33449344 24858928489 0
1787572191 33449561 24858940510 0
1787572192 33449781 24858952399 0
1787572193 33450048 24858964371 0
1787572194 33450302 24858976403 0
1787572195 33450609 24858988516 0
1787572197 33450898 24859000578 0
1787572198 33451141 24859012428 0
1787572199 33451405 24859024510 0
1787572200 33451705 24859036585 0
1787572201 33452026 24859048784 0
1787572202 33452316 24859060861 0
1787572203 33452560 24859072856 0
1787572204 33452861 24859085046 0
1787572205 33453184 24859097090 0
1787572206 33453489 24859108961 0
1787572207 33453742 24859120721 0
1787572208 33453998 24859132447 0
1787572209 33454337 24859144395 0
1787572210 33454648 24859156333 0
1787572211 33454936 24859168109 0
1787572212 33455207 24859179893 0
1787572213 33455526 24859191814 0
1787572214 33455815 24859203590 0
1787572215 33456113 24859215206 0
1787572216 33456391 24859226973 0
1787572217 33456637 24859238919 0
1787572218 33456915 24859250744 0
1787572219 33457183 24859262592 0
1787572220 33457429 24859274427 0
1787572221 33457707 24859286309 0
1787572222 33457994 24859298220 0
1787572223 33458295 24859309978 0
1787572224 33458632 24859321661 0
1787572225 33458931 24859333430 0
1787572226 33459214 24859345422 0
1787572227 33459509 24859357442 0
1787572228 33459815 24859369462 0
1787572229 33460104 24859381538 0
1787572230 33460423 24859393615 0
1787572231 33460708 24859405674 0
1787572232 33460986 24859417619 0
1787572233 33461257 24859429670 0
1787572234 33461534 24859441896 0
1787572235 33461827 24859453990 0
1787572237 33462149 24859466094 0
1787572238 33462419 24859478188 0
1787572239 33462807 24859490200 0
1787572240 33463148 24859502136 0
1787572241 33463461 24859514111 0
1787572242 33463876 24859526142 0
1787572243 33464176 24859538129 0
1787572244 33464495 24859550002 0
1787572245 33464842 24859562037 0
1787572246 33465238 24859574101 0
1787572247 33465651 24859586163 0
