1787572183 33447642 24858843613 0
1787572184 33447860 24858855766 0
1787572185 33448123 24858867866 0
1787572186 33448399 24858880684 0
1787572187 33448619 24858892748 0
1787572188 33448891 24858904741 0
1787572189 33449155 24858916819 0
1787572190 33449349 24858928884 0
1787572192 33449574 24858940970 0
1787572193 33449809 24858953503 0
1787572194 33450101 24858966383 0
1787572195 33450365 24858978631 0
1787572196 33450673 24858990703 0
1787572197 33450946 24859003046 0
1787572198 33451217 24859015739 0
1787572199 33451488 24859027669 0
1787572200 33451818 24859040529 0
1787572201 33452146 24859053559 0
1787572202 33452433 24859066484 0
1787572203 33452704 24859078453 0
1787572204 33453012 24859091094 0
1787572205 33453337 24859103139 0
1787572206 33453632 24859114837 0
1787572208 33453889 24859128155 0
1787572209 33454236 24859140790 0
1787572210 33454564 24859153352 0
1787572211 33454868 24859165207 0
1787572212 33455135 24859176978 0
1787572213 33455449 24859189355 0
1787572214 33455758 24859201163 0
1787572215 33456048 24859212884 0
1787572216 33456343 24859224571 0
1787572217 33456590 24859236544 0
1787572218 33456856 24859248310 0
1787572219 33457120 24859260077 0
1787572220 33457368 24859271937 0
1787572221 33457653 24859283861 0
1787572222 33457920 24859295752 0
1787572223 33458252 24859308260 0
1787572224 33458604 24859320685 0
1787572225 33458904 24859332378 0
1787572226 33459209 24859345227 0
1787572227 33459502 24859357305 0
1787572228 33459810 24859369276 0
1787572229 33460097 24859381391 0
1787572230 33460449 24859394381 0
1787572231 33460728 24859406343 0
1787572232 33461008 24859418291 0
1787572234 33461285 24859430904 0
1787572235 33461568 24859443106 0
1787572236 33461884 24859455838 0
1787572237 33462210 24859468727 0
1787572238 33462534 24859481462 0
1787572239 33462944 24859494435 0
1787572240 33463260 24859506386 0
1787572241 33463619 24859518893 0
1787572242 33464019 24859531709 0
1787572243 33464345 24859543579 0
1787572244 33464693 24859556453 0
1787572245 33465049 24859568430 0
1787572246 33465498 24859581007 0
1787572247 33465790 24859593826 0
