1787571727 33371063 24853500239 0
1787571728 33371248 24853512017 0
1787571729 33371433 24853523823 0
1787571730 33371610 24853535532 0
1787571731 33371778 24853547356 0
1787571732 33371925 24853559299 0
1787571733 33372042 24853571037 0
1787571734 33372191 24853582805 0
1787571735 33372357 24853594561 0
1787571736 33372536 24853606593 0
1787571737 33372657 24853618319 0
1787571738 33372775 24853630099 0
1787571739 33372953 24853641962 0
1787571740 33373115 24853653861 0
1787571741 33373310 24853665680 0
1787571742 33373567 24853677258 0
1787571743 33373840 24853688993 0
1787571744 33374090 24853700740 0
1787571745 33374286 24853712454 0
1787571746 33374416 24853724348 0
1787571747 33374596 24853736152 0
1787571748 33374787 24853748029 0
1787571749 33374934 24853759889 0
1787571750 33375115 24853771687 0
1787571751 33375285 24853783478 0
1787571752 33375456 24853795075 0
1787571753 33375646 24853806725 0
1787571754 33375782 24853818463 0
1787571755 33375914 24853830325 0
1787571756 33376042 24853842052 0
1787571758 33376199 24853853683 0
1787571759 33376356 24853865475 0
1787571760 33376498 24853877262 0
1787571761 33376671 24853889027 0
1787571762 33376820 24853900881 0
1787571763 33376987 24853912617 0
1787571764 33377129 24853924516 0
1787571765 33377271 24853936302 0
1787571766 33377435 24853947969 0
1787571767 33377596 24853959802 0
1787571768 33377771 24853971521 0
1787571769 33377965 24853983261 0
1787571770 33378138 24853994815 0
1787571771 33378282 24854006570 0
1787571772 33378429 24854018429 0
1787571773 33378603 24854030083 0
1787571774 33378786 24854041974 0
1787571775 33378924 24854053642 0
1787571776 33379080 24854065376 0
1787571777 33379200 24854077096 0
1787571778 33379356 24854088777 0
1787571779 33379487 24854100475 0
1787571780 33379654 24854112449 0
1787571781 33379790 24854124493 0
1787571782 33379963 24854136721 0
1787571783 33380152 24854148801 0
1787571784 33380341 24854160914 0
1787571785 33380544 24854172939 0
1787571786 33380682 24854184620 0
1787571787 33380824 24854196516 0
1787571788 33381005 24854208280 0
1787571789 33381134 24854220291 0
1787571790 33381283 24854232170 0
1787571791 33381454 24854243963 0
