1787573239 33712642 24871089138 0
1787573240 33712848 24871101545 0
1787573241 33713081 24871113737 0
1787573242 33713272 24871126646 0
1787573243 33713526 24871139443 0
1787573244 33713700 24871151613 0
1787573245 33713875 24871164516 0
1787573247 33714054 24871177748 0
1787573248 33714306 24871189947 0
1787573249 33714582 24871202807 0
1787573250 33715081 24871215765 0
1787573251 33715492 24871227805 0
1787573252 33716405 24871238674 0
1787573253 33717750 24871249255 0
1787573254 33718675 24871260976 0
1787573255 33718830 24871273143 0
1787573256 33718981 24871286134 0
1787573257 33719161 24871299092 0
1787573258 33719339 24871312312 0
1787573259 33719490 24871324507 0
1787573260 33719631 24871336696 0
1787573261 33719773 24871348808 0
1787573262 33719896 24871361091 0
1787573263 33720064 24871373362 0
1787573265 33720248 24871386028 0
1787573266 33720431 24871398251 0
1787573267 33720600 24871410981 0
1787573268 33720837 24871424349 0
1787573269 33721110 24871436426 0
1787573270 33721331 24871449038 0
1787573271 33721534 24871461164 0
1787573272 33721706 24871473245 0
1787573273 33722115 24871485709 0
1787573274 33722716 24871498689 0
1787573275 33723161 24871510598 0
1787573276 33724163 24871521119 0
1787573277 33725110 24871531234 0
1787573278 33726296 24871541690 0
1787573279 33726575 24871553538 0
1787573280 33726765 24871566150 0
1787573281 33726962 24871579453 0
1787573282 33727129 24871591685 0
1787573283 33727316 24871603976 0
1787573285 33727473 24871616208 0
1787573286 33727642 24871628414 0
1787573287 33727768 24871640561 0
1787573288 33727938 24871652835 0
1787573289 33728059 24871664991 0
1787573290 33728180 24871677182 0
1787573291 33728366 24871690298 0
1787573292 33728542 24871703254 0
1787573293 33728673 24871715434 0
1787573294 33728836 24871727564 0
1787573295 33729012 24871739830 0
1787573296 33729158 24871751992 0
1787573297 33729328 24871764217 0
1787573298 33729553 24871776972 0
1787573299 33729973 24871788813 0
1787573300 33730143 24871800967 0
1787573301 33730358 24871813613 0
1787573302 33730647 24871826265 0
1787573303 33731096 24871838389 0
