1787573239 33712646 24871089212 0
1787573240 33712844 24871101350 0
1787573241 33713073 24871113488 0
1787573242 33713254 24871125657 0
1787573243 33713497 24871137693 0
1787573244 33713682 24871149947 0
1787573245 33713847 24871162102 0
1787573246 33714001 24871174304 0
1787573247 33714244 24871186770 0
1787573248 33714486 24871198895 0
1787573249 33714841 24871211003 0
1787573250 33715404 24871223003 0
1787573251 33715939 24871234707 0
1787573252 33717054 24871243740 0
1787573253 33718305 24871253951 0
1787573254 33718729 24871265801 0
1787573255 33718882 24871277981 0
1787573256 33719045 24871290261 0
1787573257 33719198 24871302381 0
1787573259 33719357 24871314411 0
1787573260 33719521 24871326605 0
1787573261 33719652 24871338875 0
1787573262 33719794 24871351074 0
1787573263 33719918 24871363315 0
1787573264 33720079 24871375496 0
1787573265 33720264 24871387844 0
1787573266 33720447 24871399999 0
1787573267 33720622 24871412481 0
1787573268 33720846 24871424857 0
1787573269 33721116 24871436996 0
1787573270 33721332 24871449078 0
1787573271 33721535 24871461270 0
1787573272 33721709 24871473383 0
1787573273 33722105 24871485439 0
1787573274 33722680 24871497445 0
1787573275 33723046 24871509351 0
1787573276 33724021 24871519649 0
1787573277 33724977 24871529346 0
1787573278 33726097 24871539858 0
1787573279 33726533 24871551330 0
1787573280 33726724 24871563386 0
1787573281 33726920 24871575579 0
1787573282 33727090 24871588009 0
1787573283 33727259 24871600262 0
1787573284 33727411 24871612396 0
1787573285 33727588 24871624575 0
1787573286 33727742 24871636701 0
1787573287 33727903 24871649018 0
1787573288 33728029 24871661189 0
1787573289 33728132 24871673392 0
1787573290 33728307 24871685667 0
1787573291 33728484 24871697996 0
1787573292 33728628 24871710109 0
1787573293 33728764 24871722207 0
1787573294 33728939 24871734349 0
1787573295 33729083 24871746548 0
1787573296 33729246 24871758799 0
1787573298 33729422 24871770993 0
1787573299 33729726 24871783063 0
1787573300 33730042 24871794940 0
1787573301 33730249 24871807342 0
1787573302 33730473 24871819431 0
1787573303 33730832 24871831165 0
