1787572593 33535783 24863598507 0
1787572595 33536111 24863610700 0
1787572596 33536482 24863622885 0
1787572597 33536828 24863634932 0
1787572598 33537158 24863646896 0
1787572599 33537442 24863659047 0
1787572600 33537740 24863671149 0
1787572601 33538074 24863683307 0
1787572602 33538369 24863695461 0
1787572603 33538658 24863707463 0
1787572604 33538970 24863719476 0
1787572605 33539288 24863731275 0
1787572606 33539583 24863742997 0
1787572607 33539904 24863754606 0
1787572608 33540268 24863766115 0
1787572609 33540743 24863777917 0
1787572610 33541048 24863789812 0
1787572611 33541410 24863801568 0
1787572612 33541724 24863813353 0
1787572613 33542121 24863824820 0
1787572614 33542386 24863836109 0
1787572615 33542588 24863847344 0
1787572616 33542886 24863858556 0
1787572617 33543157 24863869688 0
1787572618 33543435 24863880694 0
1787572619 33543693 24863891717 0
1787572620 33543956 24863902771 0
1787572621 33544202 24863914180 0
1787572622 33544460 24863925730 0
1787572623 33544664 24863937180 0
1787572624 33544883 24863948599 0
1787572625 33545126 24863960130 0
1787572626 33545367 24863971726 0
1787572627 33545613 24863983233 0
1787572628 33545855 24863994677 0
1787572629 33546112 24864006248 0
1787572630 33546340 24864017823 0
1787572631 33546556 24864029319 0
1787572632 33546881 24864040751 0
1787572633 33547080 24864052220 0
1787572634 33547311 24864063769 0
1787572635 33547605 24864075294 0
1787572636 33548072 24864086461 0
1787572637 33548401 24864097305 0
1787572639 33548783 24864108166 0
1787572640 33549027 24864119012 0
1787572641 33549287 24864129967 0
1787572642 33549484 24864141052 0
1787572643 33549684 24864151964 0
1787572644 33549877 24864162828 0
1787572645 33550102 24864173691 0
1787572646 33550340 24864184525 0
1787572647 33550537 24864195362 0
1787572648 33550753 24864206307 0
1787572649 33550996 24864217202 0
1787572650 33551233 24864228160 0
1787572651 33551446 24864239215 0
1787572652 33551674 24864250169 0
1787572653 33551938 24864261207 0
1787572654 33552239 24864272258 0
1787572655 33552457 24864283202 0
1787572656 33552737 24864294180 0
1787572657 33552964 24864305365 0
