1787572008 33414977 24856773691 0
1787572009 33415184 24856785619 0
1787572010 33415370 24856797384 0
1787572011 33415573 24856809424 0
1787572012 33415804 24856821406 0
1787572013 33416016 24856833258 0
1787572014 33416199 24856845280 0
1787572015 33416405 24856857304 0
1787572016 33416601 24856869357 0
1787572017 33416771 24856881424 0
1787572018 33416945 24856893561 0
1787572019 33417103 24856905338 0
1787572020 33417257 24856917458 0
1787572021 33417418 24856929367 0
1787572022 33417566 24856941358 0
1787572023 33417739 24856953391 0
1787572024 33417880 24856965069 0
1787572025 33417998 24856976829 0
1787572026 33418095 24856988662 0
1787572027 33418229 24857000223 0
1787572028 33418371 24857012040 0
1787572029 33418534 24857023981 0
1787572030 33418709 24857035955 0
1787572031 33418841 24857047952 0
1787572032 33419005 24857059988 0
1787572034 33419169 24857072281 0
1787572035 33419317 24857084681 0
1787572036 33419463 24857097148 0
1787572037 33419622 24857109355 0
1787572038 33419770 24857121653 0
1787572039 33419926 24857133928 0
1787572040 33420069 24857146175 0
1787572041 33420209 24857158321 0
1787572042 33420374 24857170538 0
1787572043 33420554 24857182866 0
1787572044 33420706 24857194999 0
1787572045 33420870 24857207306 0
1787572046 33421018 24857219533 0
1787572047 33421133 24857231704 0
1787572048 33421284 24857243934 0
1787572049 33421448 24857256060 0
1787572050 33421611 24857268369 0
1787572051 33421788 24857280594 0
1787572052 33421904 24857292825 0
1787572053 33422022 24857304966 0
1787572054 33422193 24857317045 0
1787572055 33422370 24857329168 0
1787572056 33422502 24857341223 0
1787572057 33422685 24857353269 0
1787572058 33422846 24857365438 0
1787572059 33422972 24857377499 0
1787572060 33423114 24857389619 0
1787572061 33423277 24857401800 0
1787572062 33423422 24857413957 0
1787572063 33423587 24857426355 0
1787572064 33423699 24857438699 0
1787572065 33423852 24857450985 0
1787572066 33424015 24857463313 0
1787572067 33424230 24857475676 0
1787572069 33424428 24857487857 0
1787572070 33424658 24857500151 0
1787572071 33424873 24857512397 0
1787572072 33425023 24857524650 0
