1787572774 33586228 24865661653 0
1787572775 33586361 24865673820 0
1787572776 33586516 24865686272 0
1787572777 33586685 24865698738 0
1787572778 33586848 24865710939 0
1787572779 33586995 24865723174 0
1787572780 33587159 24865735472 0
1787572781 33587307 24865747617 0
1787572782 33587453 24865759894 0
1787572783 33587606 24865772151 0
1787572784 33587768 24865784419 0
1787572785 33587903 24865796657 0
1787572787 33588060 24865808935 0
1787572788 33588233 24865821180 0
1787572789 33588490 24865833287 0
1787572790 33588816 24865845041 0
1787572791 33589038 24865857194 0
1787572792 33589197 24865869339 0
1787572793 33589488 24865881357 0
1787572794 33589993 24865893484 0
1787572795 33590383 24865905610 0
1787572796 33591033 24865916535 0
1787572797 33592075 24865927095 0
1787572798 33593177 24865937131 0
1787572799 33593989 24865948085 0
1787572800 33594202 24865960241 0
1787572801 33594375 24865972495 0
1787572802 33594503 24865984733 0
1787572803 33594661 24865996918 0
1787572804 33594877 24866009237 0
1787572805 33595089 24866021609 0
1787572806 33595254 24866033688 0
1787572807 33595382 24866045906 0
1787572808 33595558 24866058246 0
1787572809 33595670 24866070460 0
1787572810 33595852 24866082752 0
1787572811 33596034 24866094946 0
1787572812 33596195 24866107193 0
1787572813 33596328 24866119542 0
1787572814 33596514 24866132010 0
1787572815 33596678 24866144288 0
1787572816 33596858 24866156599 0
1787572817 33597006 24866168809 0
1787572818 33597305 24866180948 0
1787572819 33597479 24866193061 0
1787572821 33597698 24866205247 0
1787572822 33597871 24866217364 0
1787572823 33598217 24866229440 0
1787572824 33598805 24866241709 0
1787572825 33599173 24866253802 0
1787572826 33599969 24866264366 0
1787572827 33601062 24866274475 0
1787572828 33602261 24866285079 0
1787572829 33602729 24866296682 0
1787572830 33602919 24866308857 0
1787572831 33603095 24866320899 0
1787572832 33603275 24866333277 0
1787572833 33603475 24866345614 0
1787572834 33603655 24866357905 0
1787572835 33603793 24866370154 0
1787572836 33603969 24866382307 0
1787572837 33604156 24866394540 0
1787572838 33604343 24866406750 0
