1787572593 33535777 24863598361 0
1787572595 33536106 24863610584 0
1787572596 33536476 24863622739 0
1787572597 33536843 24863635464 0
1787572598 33537199 24863648404 0
1787572599 33537500 24863661267 0
1787572600 33537822 24863674190 0
1787572601 33538157 24863687039 0
1787572602 33538486 24863700044 0
1787572603 33538807 24863713169 0
1787572604 33539126 24863725692 0
1787572605 33539471 24863738332 0
1787572607 33539800 24863750756 0
1787572608 33540120 24863762332 0
1787572609 33540656 24863774846 0
1787572610 33540980 24863787418 0
1787572611 33541369 24863800134 0
1787572612 33541705 24863812764 0
1787572613 33542110 24863824315 0
1787572614 33542392 24863836343 0
1787572615 33542594 24863847582 0
1787572616 33542896 24863858794 0
1787572617 33543162 24863869835 0
1787572618 33543439 24863880800 0
1787572619 33543699 24863891911 0
1787572620 33543963 24863902983 0
1787572621 33544223 24863915128 0
1787572622 33544487 24863927339 0
1787572623 33544704 24863938857 0
1787572624 33544941 24863950974 0
1787572626 33545188 24863963313 0
1787572627 33545453 24863975877 0
1787572628 33545713 24863988203 0
1787572629 33545989 24864000525 0
1787572630 33546241 24864012132 0
1787572631 33546456 24864024386 0
1787572632 33546710 24864036631 0
1787572633 33547011 24864048055 0
1787572634 33547252 24864060170 0
1787572635 33547535 24864072662 0
1787572636 33548022 24864083894 0
1787572637 33548330 24864095282 0
1787572638 33548731 24864106205 0
1787572639 33549005 24864117852 0
1787572641 33549276 24864129593 0
1787572642 33549471 24864140534 0
1787572643 33549671 24864151381 0
1787572644 33549867 24864162228 0
1787572645 33550086 24864173049 0
1787572646 33550325 24864184038 0
1787572647 33550524 24864194905 0
1787572648 33550756 24864206430 0
1787572649 33551001 24864217347 0
1787572650 33551254 24864229010 0
1787572651 33551465 24864239977 0
1787572652 33551685 24864250881 0
1787572653 33551964 24864262240 0
1787572654 33552259 24864273198 0
1787572655 33552498 24864284857 0
1787572656 33552796 24864296720 0
1787572657 33553051 24864308888 0
