1787571888 33393972 24855378842 0
1787571889 33394162 24855391153 0
1787571890 33394380 24855403286 0
1787571891 33394544 24855415443 0
1787571892 33394696 24855427645 0
1787571893 33394871 24855439849 0
1787571894 33395024 24855452094 0
1787571895 33395186 24855464291 0
1787571896 33395330 24855476559 0
1787571897 33395479 24855488688 0
1787571898 33395652 24855500840 0
1787571900 33395805 24855513054 0
1787571901 33395971 24855525285 0
1787571902 33396141 24855537570 0
1787571903 33396314 24855549790 0
1787571904 33396474 24855561988 0
1787571905 33396653 24855574105 0
1787571906 33396844 24855586201 0
1787571907 33397005 24855598002 0
1787571908 33397150 24855609619 0
1787571909 33397346 24855621221 0
1787571910 33397503 24855633031 0
1787571911 33397639 24855644938 0
1787571912 33397796 24855656869 0
1787571913 33397928 24855668828 0
1787571914 33398156 24855680794 0
1787571915 33398405 24855692772 0
1787571916 33398638 24855704837 0
1787571917 33398900 24855717114 0
1787571918 33399160 24855729021 0
1787571919 33399355 24855740741 0
1787571920 33399524 24855752413 0
1787571921 33399670 24855764144 0
1787571922 33399856 24855775903 0
1787571923 33400053 24855787837 0
1787571924 33400278 24855799837 0
1787571925 33400518 24855812000 0
1787571926 33400756 24855824285 0
1787571927 33400979 24855836156 0
1787571928 33401219 24855848175 0
1787571929 33401413 24855860223 0
1787571930 33401640 24855872110 0
1787571931 33401826 24855883859 0
1787571932 33402065 24855895732 0
1787571933 33402231 24855907597 0
1787571934 33402450 24855919503 0
1787571935 33402645 24855931258 0
1787571936 33402830 24855943197 0
1787571937 33403000 24855955033 0
1787571938 33403222 24855966952 0
1787571939 33403418 24855978793 0
1787571941 33403603 24855990656 0
1787571942 33403841 24856002629 0
1787571943 33404090 24856014417 0
1787571944 33404274 24856026313 0
1787571945 33404429 24856038238 0
1787571946 33404574 24856050102 0
1787571947 33404722 24856061783 0
1787571948 33404870 24856073517 0
1787571949 33405072 24856085370 0
1787571950 33405249 24856097234 0
1787571951 33405443 24856109146 0
1787571952 33405656 24856121064 0
