1787571608 33351528 24852128406 0
1787571610 33351702 24852140269 0
1787571611 33351887 24852152698 0
1787571612 33352068 24852165141 0
1787571613 33352226 24852176768 0
1787571614 33352390 24852189044 0
1787571615 33352566 24852201394 0
1787571616 33352741 24852213606 0
1787571617 33352888 24852225206 0
1787571618 33353060 24852238538 0
1787571619 33353213 24852249972 0
1787571620 33353360 24852261944 0
1787571621 33353536 24852273392 0
1787571623 33353696 24852285723 0
1787571624 33353839 24852298283 0
1787571625 33353988 24852310572 0
1787571626 33354139 24852323002 0
1787571627 33354288 24852335406 0
1787571628 33354434 24852346958 0
1787571629 33354587 24852359045 0
1787571630 33354745 24852371424 0
1787571631 33354898 24852383583 0
1787571632 33355063 24852395793 0
1787571633 33355186 24852407465 0
1787571634 33355351 24852419839 0
1787571635 33355486 24852432231 0
1787571637 33355660 24852444747 0
1787571638 33355837 24852458383 0
1787571639 33355980 24852470995 0
1787571640 33356135 24852483559 0
1787571641 33356301 24852495989 0
1787571642 33356461 24852508586 0
1787571643 33356611 24852522414 0
1787571644 33356797 24852535562 0
1787571646 33356963 24852549292 0
1787571647 33357117 24852562144 0
1787571648 33357273 24852574977 0
1787571649 33357431 24852587112 0
1787571650 33357628 24852601076 0
1787571651 33357827 24852614145 0
1787571652 33357990 24852626313 0
1787571653 33358205 24852639284 0
1787571654 33358413 24852652350 0
1787571655 33358625 24852665521 0
1787571657 33358831 24852678406 0
1787571658 33359053 24852691575 0
1787571659 33359261 24852703742 0
1787571660 33359465 24852716631 0
1787571661 33359690 24852729701 0
1787571662 33359920 24852742922 0
1787571663 33360145 24852756183 0
1787571664 33360359 24852769105 0
1787571665 33360571 24852782024 0
1787571666 33360782 24852793926 0
1787571667 33360998 24852806691 0
1787571668 33361214 24852819454 0
1787571670 33361413 24852832113 0
1787571671 33361626 24852844767 0
1787571672 33361834 24852857656 0
