1787571608 33351527 24852128334 0
1787571609 33351698 24852139757 0
1787571610 33351868 24852151230 0
1787571612 33352038 24852162714 0
1787571613 33352194 24852174409 0
1787571614 33352349 24852186040 0
1787571615 33352510 24852197557 0
1787571616 33352669 24852209024 0
1787571617 33352829 24852220672 0
1787571618 33352967 24852232411 0
1787571619 33353124 24852244027 0
1787571620 33353277 24852255519 0
1787571621 33353433 24852266883 0
1787571622 33353586 24852278503 0
1787571623 33353738 24852290225 0
1787571624 33353882 24852301891 0
1787571625 33354023 24852313425 0
1787571626 33354165 24852325020 0
1787571627 33354303 24852336440 0
1787571628 33354457 24852348127 0
1787571629 33354596 24852359532 0
1787571630 33354741 24852371228 0
1787571631 33354880 24852382653 0
1787571632 33355040 24852394112 0
1787571633 33355165 24852405719 0
1787571634 33355316 24852417421 0
1787571635 33355456 24852429089 0
1787571636 33355611 24852440733 0
1787571637 33355755 24852452313 0
1787571638 33355907 24852464065 0
1787571639 33356050 24852475763 0
1787571640 33356196 24852487438 0
1787571641 33356340 24852499066 0
1787571642 33356486 24852510875 0
1787571643 33356618 24852522871 0
1787571644 33356789 24852535066 0
1787571645 33356940 24852547094 0
1787571646 33357088 24852558994 0
1787571647 33357233 24852570917 0
1787571648 33357379 24852582929 0
1787571649 33357531 24852594991 0
1787571651 33357721 24852607103 0
1787571652 33357885 24852619372 0
1787571653 33358072 24852631606 0
1787571654 33358262 24852643734 0
1787571655 33358469 24852655960 0
1787571656 33358674 24852668152 0
1787571657 33358867 24852680271 0
1787571658 33359065 24852692436 0
1787571659 33359273 24852704623 0
1787571660 33359471 24852716845 0
1787571661 33359682 24852729138 0
1787571662 33359895 24852741319 0
1787571663 33360092 24852753388 0
1787571664 33360305 24852765650 0
1787571665 33360501 24852777910 0
1787571666 33360715 24852789882 0
1787571667 33360927 24852801685 0
1787571668 33361112 24852813533 0
1787571669 33361306 24852825257 0
1787571670 33361501 24852837151 0
1787571671 33361695 24852849017 0
1787571672 33361887 24852861011 0
