1787572873 33613283 24866814547 0
1787572874 33613443 24866826755 0
1787572875 33613617 24866839381 0
1787572876 33613778 24866851560 0
1787572877 33613942 24866863724 0
1787572878 33614154 24866875896 0
1787572879 33614436 24866887939 0
1787572880 33614747 24866899882 0
1787572881 33614949 24866912088 0
1787572882 33615164 24866924162 0
1787572883 33615566 24866936009 0
1787572884 33616146 24866948056 0
1787572885 33616525 24866960007 0
1787572886 33617617 24866970219 0
1787572887 33618648 24866980222 0
1787572888 33619750 24866990539 0
1787572889 33619951 24867003053 0
1787572890 33620109 24867015498 0
1787572891 33620266 24867027629 0
1787572892 33620458 24867039840 0
1787572893 33620640 24867051908 0
1787572894 33620793 24867064057 0
1787572895 33620952 24867076221 0
1787572896 33621119 24867088438 0
1787572897 33621289 24867100618 0
1787572898 33621450 24867112801 0
1787572899 33621613 24867124984 0
1787572900 33621781 24867137168 0
1787572901 33621955 24867149427 0
1787572902 33622106 24867161651 0
1787572904 33622277 24867173903 0
1787572905 33622454 24867186270 0
1787572906 33622631 24867198413 0
1787572907 33622791 24867210593 0
1787572908 33622958 24867222716 0
1787572909 33623223 24867234920 0
1787572910 33623427 24867247063 0
1787572911 33623596 24867259264 0
1787572912 33623827 24867270914 0
1787572913 33624388 24867282957 0
1787572914 33624887 24867295019 0
1787572915 33625686 24867305799 0
1787572916 33626926 24867316591 0
1787572917 33628156 24867326841 0
1787572918 33628462 24867338914 0
1787572919 33628662 24867351012 0
1787572920 33628884 24867363356 0
1787572921 33629094 24867375476 0
1787572922 33629293 24867387745 0
1787572923 33629477 24867399975 0
1787572924 33629688 24867412159 0
1787572925 33629867 24867424300 0
1787572926 33630046 24867436592 0
1787572927 33630233 24867448763 0
1787572928 33630441 24867460951 0
1787572929 33630631 24867473150 0
1787572930 33630830 24867485338 0
1787572931 33631017 24867497566 0
1787572932 33631175 24867509734 0
1787572933 33631296 24867521996 0
1787572934 33631469 24867534127 0
1787572935 33631636 24867546283 0
1787572936 33631763 24867558579 0
1787572937 33631926 24867571032 0
