1787571888 33393973 24855378861 0
1787571889 33394168 24855391578 0
1787571890 33394391 24855403732 0
1787571891 33394564 24855416822 0
1787571893 33394723 24855429877 0
1787571894 33394922 24855444093 0
1787571895 33395086 24855457204 0
1787571896 33395250 24855470319 0
1787571897 33395400 24855483494 0
1787571898 33395585 24855496519 0
1787571899 33395760 24855509648 0
1787571900 33395941 24855522778 0
1787571901 33396123 24855535936 0
1787571903 33396304 24855549040 0
1787571904 33396476 24855562056 0
1787571905 33396668 24855575239 0
1787571906 33396867 24855588190 0
1787571907 33397043 24855600964 0
1787571908 33397212 24855613399 0
1787571909 33397407 24855625779 0
1787571910 33397569 24855638480 0
1787571911 33397729 24855651020 0
1787571912 33397873 24855662995 0
1787571913 33398064 24855675857 0
1787571915 33398325 24855688693 0
1787571916 33398554 24855700619 0
1787571917 33398828 24855713402 0
1787571918 33399109 24855726354 0
1787571919 33399334 24855738854 0
1787571920 33399506 24855750566 0
1787571921 33399660 24855763056 0
1787571922 33399848 24855775619 0
1787571923 33400045 24855787557 0
1787571924 33400291 24855800322 0
1787571925 33400550 24855813300 0
1787571926 33400794 24855825934 0
1787571927 33401021 24855837842 0
1787571929 33401279 24855850736 0
1787571930 33401471 24855863628 0
1787571931 33401685 24855876185 0
1787571932 33401930 24855888690 0
1787571933 33402135 24855900576 0
1787571934 33402306 24855912420 0
1787571935 33402531 24855924195 0
1787571936 33402726 24855936027 0
1787571937 33402904 24855948020 0
1787571938 33403115 24855960779 0
1787571939 33403319 24855973407 0
1787571940 33403520 24855985146 0
1787571941 33403738 24855997626 0
1787571942 33403972 24856009438 0
1787571943 33404231 24856021993 0
1787571944 33404355 24856033807 0
1787571945 33404510 24856045802 0
1787571946 33404675 24856057718 0
1787571947 33404810 24856069291 0
1787571948 33405008 24856081805 0
1787571949 33405203 24856093794 0
1787571951 33405394 24856106237 0
1787571952 33405623 24856118831 0
