1787572873 33613284 24866814592 0
1787572874 33613445 24866826902 0
1787572875 33613618 24866839442 0
1787572876 33613783 24866851759 0
1787572877 33613945 24866863920 0
1787572878 33614158 24866876064 0
1787572879 33614446 24866888275 0
1787572880 33614751 24866900246 0
1787572881 33614951 24866912419 0
1787572882 33615176 24866924535 0
1787572883 33615579 24866936445 0
1787572884 33616160 24866948531 0
1787572885 33616565 24866960405 0
1787572886 33617651 24866970468 0
1787572887 33618786 24866981499 0
1787572888 33619808 24866992166 0
1787572889 33619964 24867004304 0
1787572890 33620116 24867016517 0
1787572891 33620281 24867028843 0
1787572892 33620473 24867041024 0
1787572893 33620658 24867053250 0
1787572894 33620816 24867065488 0
1787572895 33620979 24867077806 0
1787572896 33621147 24867090195 0
1787572898 33621320 24867102459 0
1787572899 33621490 24867114649 0
1787572900 33621653 24867126826 0
1787572901 33621822 24867139074 0
1787572902 33621988 24867151301 0
1787572903 33622145 24867163488 0
1787572904 33622317 24867175755 0
1787572905 33622483 24867188069 0
1787572906 33622656 24867200437 0
1787572907 33622822 24867212697 0
1787572908 33623013 24867224888 0
1787572909 33623254 24867237119 0
1787572910 33623464 24867249323 0
1787572911 33623639 24867261465 0
1787572912 33623918 24867273158 0
1787572913 33624510 24867285239 0
1787572914 33624968 24867297301 0
1787572915 33625898 24867307609 0
1787572916 33627097 24867318066 0
1787572917 33628265 24867328123 0
1787572918 33628490 24867340262 0
1787572919 33628687 24867352370 0
1787572920 33628903 24867364496 0
1787572921 33629119 24867376641 0
1787572922 33629311 24867388939 0
1787572923 33629496 24867401226 0
1787572924 33629703 24867413469 0
1787572925 33629889 24867425829 0
1787572926 33630067 24867437971 0
1787572927 33630259 24867450167 0
1787572928 33630467 24867462344 0
1787572929 33630660 24867474603 0
1787572930 33630857 24867486785 0
1787572931 33631039 24867498985 0
1787572932 33631192 24867511134 0
1787572933 33631311 24867523262 0
1787572934 33631490 24867535512 0
1787572935 33631655 24867547676 0
1787572936 33631779 24867559961 0
1787572937 33631948 24867572168 0
