1787571608 33351527 24852128328 0
1787571609 33351699 24852139796 0
1787571610 33351868 24852151264 0
1787571612 33352039 24852162782 0
1787571613 33352194 24852174408 0
1787571614 33352348 24852185986 0
1787571615 33352510 24852197551 0
1787571616 33352672 24852209098 0
1787571617 33352831 24852220760 0
1787571618 33352966 24852232366 0
1787571619 33353121 24852243817 0
1787571620 33353272 24852255363 0
1787571621 33353431 24852266793 0
1787571622 33353585 24852278354 0
1787571623 33353734 24852290088 0
1787571624 33353874 24852301643 0
1787571625 33354018 24852313138 0
1787571626 33354161 24852324724 0
1787571627 33354299 24852336281 0
1787571628 33354449 24852347816 0
1787571629 33354592 24852359217 0
1787571630 33354734 24852370825 0
1787571631 33354872 24852382223 0
1787571632 33355028 24852393639 0
1787571633 33355158 24852405263 0
1787571634 33355313 24852417013 0
1787571635 33355446 24852428647 0
1787571636 33355599 24852440315 0
1787571637 33355748 24852452000 0
1787571638 33355903 24852463783 0
1787571639 33356039 24852475445 0
1787571640 33356194 24852487237 0
1787571641 33356338 24852498860 0
1787571642 33356482 24852510598 0
1787571643 33356614 24852522504 0
1787571644 33356778 24852534539 0
1787571645 33356934 24852546598 0
1787571646 33357079 24852558433 0
1787571647 33357225 24852570351 0
1787571648 33357375 24852582512 0
1787571649 33357529 24852594658 0
1787571651 33357711 24852606778 0
1787571652 33357882 24852619143 0
1787571653 33358068 24852631309 0
1787571654 33358258 24852643544 0
1787571655 33358462 24852655703 0
1787571656 33358669 24852667984 0
1787571657 33358867 24852680258 0
1787571658 33359065 24852692436 0
1787571659 33359273 24852704600 0
1787571660 33359471 24852716844 0
1787571661 33359683 24852729230 0
1787571662 33359895 24852741343 0
1787571663 33360092 24852753434 0
1787571664 33360306 24852765683 0
1787571665 33360497 24852777766 0
1787571666 33360713 24852789613 0
1787571667 33360924 24852801553 0
1787571668 33361106 24852813380 0
1787571669 33361302 24852825102 0
1787571670 33361495 24852836893 0
1787571671 33361692 24852848832 0
1787571672 33361884 24852860771 0
