1787572873 33613283 24866814548 0
1787572874 33613443 24866826711 0
1787572875 33613612 24866838926 0
1787572876 33613786 24866852100 0
1787572877 33613954 24866864524 0
1787572878 33614187 24866877291 0
1787572879 33614578 24866890003 0
1787572880 33614804 24866903106 0
1787572881 33614995 24866916192 0
1787572882 33615244 24866928116 0
1787572883 33615814 24866940864 0
1787572885 33616272 24866953813 0
1787572886 33617104 24866965418 0
1787572887 33618269 24866976519 0
1787572888 33619566 24866988469 0
1787572889 33619932 24867001079 0
1787572890 33620086 24867013137 0
1787572891 33620249 24867026011 0
1787572892 33620446 24867038085 0
1787572893 33620637 24867051193 0
1787572894 33620796 24867064232 0
1787572895 33620969 24867077302 0
1787572897 33621150 24867090365 0
1787572898 33621322 24867102557 0
1787572899 33621496 24867115432 0
1787572900 33621665 24867127628 0
1787572901 33621848 24867140561 0
1787572902 33622019 24867153632 0
1787572903 33622188 24867166769 0
1787572904 33622353 24867178987 0
1787572905 33622539 24867192022 0
1787572906 33622709 24867205190 0
1787572907 33622878 24867218223 0
1787572908 33623162 24867231165 0
1787572909 33623332 24867243204 0
1787572910 33623539 24867256272 0
1787572912 33623787 24867268774 0
1787572913 33624260 24867280805 0
1787572914 33624850 24867293619 0
1787572915 33625568 24867304574 0
1787572916 33626985 24867317064 0
1787572917 33628265 24867328123 0
1787572918 33628511 24867341319 0
1787572919 33628722 24867354393 0
1787572920 33628957 24867367496 0
1787572921 33629182 24867380548 0
1787572923 33629382 24867393592 0
1787572924 33629596 24867406744 0
1787572925 33629801 24867419753 0
1787572926 33629991 24867432981 0
1787572927 33630184 24867445913 0
1787572928 33630395 24867458020 0
1787572929 33630599 24867471076 0
1787572930 33630812 24867484212 0
1787572931 33631003 24867496425 0
1787572932 33631165 24867508583 0
1787572933 33631283 24867520805 0
1787572934 33631456 24867533098 0
1787572935 33631633 24867546055 0
1787572936 33631758 24867558204 0
1787572937 33631919 24867570383 0
