1787571888 33393971 24855378816 0
1787571889 33394159 24855391019 0
1787571890 33394378 24855403164 0
1787571891 33394542 24855415347 0
1787571892 33394693 24855427539 0
1787571893 33394869 24855439746 0
1787571894 33395022 24855452012 0
1787571895 33395185 24855464242 0
1787571896 33395327 24855476463 0
1787571897 33395477 24855488595 0
1787571898 33395652 24855500847 0
1787571899 33395805 24855512982 0
1787571901 33395967 24855525172 0
1787571902 33396139 24855537309 0
1787571903 33396311 24855549464 0
1787571904 33396470 24855561626 0
1787571905 33396646 24855573809 0
1787571906 33396838 24855585812 0
1787571907 33396996 24855597613 0
1787571908 33397146 24855609351 0
1787571909 33397339 24855620962 0
1787571910 33397497 24855632813 0
1787571911 33397635 24855644663 0
1787571912 33397792 24855656382 0
1787571913 33397922 24855668391 0
1787571914 33398141 24855680437 0
1787571915 33398399 24855692517 0
1787571916 33398632 24855704461 0
1787571917 33398886 24855716557 0
1787571918 33399146 24855728500 0
1787571919 33399350 24855740281 0
1787571920 33399520 24855752003 0
1787571921 33399665 24855763827 0
1787571922 33399852 24855775757 0
1787571923 33400051 24855787787 0
1787571924 33400276 24855799767 0
1787571925 33400512 24855811800 0
1787571926 33400739 24855823717 0
1787571927 33400967 24855835552 0
1787571928 33401207 24855847736 0
1787571929 33401401 24855859840 0
1787571930 33401627 24855871736 0
1787571931 33401820 24855883544 0
1787571932 33402062 24855895499 0
1787571933 33402227 24855907402 0
1787571934 33402446 24855919264 0
1787571935 33402642 24855930946 0
1787571936 33402827 24855942964 0
1787571937 33403000 24855955057 0
1787571938 33403225 24855967096 0
1787571939 33403422 24855978944 0
1787571941 33403606 24855990795 0
1787571942 33403844 24856002711 0
1787571943 33404091 24856014524 0
1787571944 33404279 24856026491 0
1787571945 33404432 24856038329 0
1787571946 33404580 24856050294 0
1787571947 33404725 24856061971 0
1787571948 33404874 24856073776 0
1787571949 33405079 24856085657 0
1787571950 33405254 24856097488 0
1787571951 33405449 24856109327 0
1787571952 33405659 24856121150 0
