1787571524 33339188 24851170649 0
1787571525 33339323 24851182511 0
1787571526 33339461 24851194291 0
1787571527 33339639 24851205891 0
1787571528 33339819 24851217620 0
1787571529 33339991 24851229344 0
1787571530 33340169 24851241027 0
1787571531 33340325 24851252894 0
1787571532 33340475 24851264683 0
1787571533 33340652 24851276382 0
1787571534 33340817 24851288144 0
1787571535 33340982 24851300111 0
1787571536 33341171 24851311819 0
1787571537 33341350 24851323582 0
1787571538 33341535 24851335427 0
1787571539 33341681 24851347057 0
1787571540 33341858 24851358792 0
1787571542 33341995 24851370371 0
1787571543 33342147 24851382080 0
1787571544 33342301 24851393978 0
1787571545 33342447 24851405605 0
1787571546 33342606 24851417296 0
1787571547 33342827 24851429019 0
1787571548 33343036 24851440657 0
1787571549 33343228 24851452400 0
1787571550 33343400 24851463944 0
1787571551 33343532 24851475557 0
1787571552 33343668 24851487019 0
1787571553 33343844 24851498930 0
1787571554 33344041 24851510755 0
1787571555 33344222 24851522481 0
1787571556 33344412 24851534130 0
1787571557 33344603 24851545710 0
1787571558 33344755 24851557519 0
1787571559 33344902 24851569337 0
1787571560 33345044 24851581174 0
1787571561 33345211 24851592801 0
1787571562 33345407 24851604614 0
1787571563 33345588 24851616299 0
1787571564 33345749 24851628078 0
1787571565 33345903 24851639744 0
1787571566 33346032 24851651325 0
1787571567 33346183 24851663016 0
1787571568 33346338 24851674727 0
1787571569 33346518 24851686628 0
1787571570 33346784 24851698331 0
1787571571 33347030 24851709869 0
1787571572 33347309 24851721465 0
1787571573 33347578 24851733078 0
1787571574 33347820 24851744653 0
1787571575 33347934 24851756461 0
1787571576 33348104 24851768324 0
1787571578 33348284 24851780113 0
1787571579 33348488 24851791779 0
1787571580 33348677 24851803532 0
1787571581 33348852 24851815314 0
1787571582 33349017 24851826993 0
1787571583 33349173 24851838965 0
1787571584 33349325 24851850693 0
1787571585 33349522 24851862471 0
1787571586 33349688 24851874386 0
1787571587 33349843 24851886102 0
1787571588 33350020 24851897425 0
