1787572989 33647901 24868167226 0
1787572990 33648055 24868179316 0
1787572991 33648216 24868191592 0
1787572992 33648384 24868203823 0
1787572993 33648525 24868216073 0
1787572994 33648678 24868228201 0
1787572995 33648860 24868240682 0
1787572996 33649045 24868252839 0
1787572997 33649197 24868265061 0
1787572998 33649378 24868277257 0
1787572999 33649754 24868289056 0
1787573000 33649945 24868301158 0
1787573001 33650128 24868313315 0
1787573002 33650480 24868325579 0
1787573003 33651095 24868337707 0
1787573004 33651465 24868349830 0
1787573005 33652317 24868360076 0
1787573006 33653354 24868370220 0
1787573007 33654481 24868380441 0
1787573008 33655014 24868392285 0
1787573009 33655196 24868404371 0
1787573010 33655310 24868416678 0
1787573011 33655440 24868428848 0
1787573012 33655610 24868440936 0
1787573013 33655758 24868453126 0
1787573014 33655927 24868465517 0
1787573015 33656083 24868477668 0
1787573016 33656235 24868489886 0
1787573017 33656375 24868502051 0
1787573018 33656528 24868514317 0
1787573019 33656647 24868526459 0
1787573020 33656754 24868538594 0
1787573021 33656932 24868550859 0
1787573022 33657105 24868562932 0
1787573023 33657251 24868575075 0
1787573024 33657392 24868587268 0
1787573026 33657520 24868599564 0
1787573027 33657654 24868611692 0
1787573028 33657823 24868623882 0
1787573029 33658103 24868636020 0
1787573030 33658253 24868648199 0
1787573031 33658412 24868660319 0
1787573032 33658603 24868672434 0
1787573033 33658934 24868683969 0
1787573034 33659473 24868695975 0
1787573035 33659844 24868708044 0
1787573036 33660653 24868718526 0
1787573037 33661680 24868728997 0
1787573038 33662830 24868739616 0
1787573039 33663292 24868751085 0
1787573040 33663434 24868763142 0
1787573041 33663630 24868775325 0
1787573042 33663745 24868787450 0
1787573043 33663872 24868799700 0
1787573044 33664001 24868811961 0
1787573045 33664163 24868824081 0
1787573046 33664344 24868836175 0
1787573047 33664489 24868848389 0
1787573048 33664655 24868860620 0
1787573049 33664837 24868872813 0
1787573050 33664957 24868885030 0
1787573051 33665111 24868897340 0
1787573052 33665262 24868909653 0
1787573053 33665404 24868921933 0
