1787572691 33562654 24864694441 0
1787572692 33562846 24864706751 0
1787572693 33563021 24864719709 0
1787572694 33563174 24864732835 0
1787572695 33563352 24864745958 0
1787572696 33563514 24864759051 0
1787572698 33563698 24864771224 0
1787572699 33563935 24864784249 0
1787572700 33564188 24864796514 0
1787572701 33564388 24864808900 0
1787572702 33564574 24864821136 0
1787572703 33564783 24864833254 0
1787572704 33565174 24864845744 0
1787572705 33565690 24864857788 0
1787572706 33566177 24864870319 0
1787572707 33567560 24864882576 0
1787572708 33568823 24864892621 0
1787572709 33569665 24864904113 0
1787572710 33569822 24864916308 0
1787572711 33570008 24864928941 0
1787572712 33570150 24864941167 0
1787572713 33570305 24864953699 0
1787572715 33570499 24864966658 0
1787572716 33570669 24864979684 0
1787572717 33570818 24864992691 0
1787572718 33570971 24865004972 0
1787572719 33571115 24865017108 0
1787572720 33571246 24865029382 0
1787572721 33571380 24865041564 0
1787572722 33571534 24865053629 0
1787572723 33571695 24865065881 0
1787572724 33571882 24865078021 0
1787572725 33572100 24865090260 0
1787572726 33572252 24865102228 0
1787572727 33572399 24865114277 0
1787572728 33572672 24865126632 0
1787572729 33572921 24865138671 0
1787572730 33573149 24865150738 0
1787572731 33573353 24865162823 0
1787572732 33573671 24865174735 0
1787572733 33574174 24865186733 0
1787572734 33574596 24865198703 0
1787572735 33575103 24865210634 0
1787572736 33576102 24865221531 0
1787572738 33577363 24865232339 0
1787572739 33578156 24865245147 0
1787572740 33578369 24865257328 0
1787572741 33578622 24865270140 0
1787572742 33578866 24865284126 0
1787572743 33579040 24865296334 0
1787572744 33579281 24865308472 0
1787572745 33579469 24865320905 0
1787572746 33579698 24865334124 0
1787572747 33579916 24865347140 0
1787572748 33580113 24865359293 0
1787572749 33580327 24865373325 0
1787572751 33580486 24865386662 0
1787572752 33580679 24865399569 0
1787572753 33580838 24865411779 0
1787572754 33580999 24865424547 0
1787572755 33581176 24865437790 0
