1787572691 33562651 24864694352 0
1787572692 33562844 24864706653 0
1787572693 33563014 24864718975 0
1787572694 33563155 24864731264 0
1787572695 33563323 24864743396 0
1787572696 33563479 24864755622 0
1787572697 33563640 24864768028 0
1787572698 33563872 24864780184 0
1787572699 33564146 24864792432 0
1787572700 33564295 24864804661 0
1787572701 33564506 24864816997 0
1787572702 33564688 24864829144 0
1787572703 33565030 24864841121 0
1787572704 33565515 24864853124 0
1787572705 33565888 24864865139 0
1787572706 33566749 24864875647 0
1787572707 33568047 24864886154 0
1787572709 33569304 24864896280 0
1787572710 33569721 24864907916 0
1787572711 33569864 24864920106 0
1787572712 33570044 24864932197 0
1787572713 33570174 24864944282 0
1787572714 33570348 24864956355 0
1787572715 33570534 24864968567 0
1787572716 33570680 24864980624 0
1787572717 33570818 24864992685 0
1787572718 33570971 24865004980 0
1787572719 33571116 24865017174 0
1787572720 33571246 24865029392 0
1787572721 33571378 24865041479 0
1787572722 33571533 24865053580 0
1787572723 33571690 24865065656 0
1787572724 33571877 24865077702 0
1787572725 33572091 24865089649 0
1787572726 33572241 24865101640 0
1787572727 33572384 24865113726 0
1787572728 33572642 24865125794 0
1787572729 33572898 24865137804 0
1787572730 33573126 24865149882 0
1787572731 33573334 24865161890 0
1787572732 33573624 24865173842 0
1787572733 33574122 24865185752 0
1787572734 33574577 24865197766 0
1787572735 33575017 24865210020 0
1787572736 33575946 24865220148 0
1787572737 33577080 24865230186 0
1787572738 33578091 24865241564 0
1787572739 33578289 24865253710 0
1787572740 33578527 24865265831 0
1787572741 33578794 24865277959 0
1787572742 33578939 24865290218 0
1787572743 33579179 24865302421 0
1787572744 33579366 24865314661 0
1787572746 33579576 24865326902 0
1787572747 33579783 24865339150 0
1787572748 33579976 24865351354 0
1787572749 33580180 24865363715 0
1787572750 33580370 24865375937 0
1787572751 33580504 24865388203 0
1787572752 33580696 24865400598 0
1787572753 33580855 24865412811 0
1787572754 33581013 24865425030 0
1787572755 33581167 24865437267 0
