1787572691 33562654 24864694441 0
1787572692 33562846 24864706704 0
1787572693 33563016 24864719219 0
1787572694 33563158 24864731605 0
1787572695 33563333 24864743848 0
1787572696 33563489 24864756109 0
1787572697 33563646 24864768310 0
1787572698 33563886 24864780626 0
1787572699 33564155 24864792785 0
1787572700 33564307 24864805162 0
1787572701 33564514 24864817376 0
1787572702 33564697 24864829494 0
1787572703 33565047 24864841533 0
1787572704 33565539 24864853542 0
1787572705 33565909 24864865689 0
1787572706 33566783 24864875954 0
1787572707 33568022 24864885827 0
1787572709 33569283 24864896094 0
1787572710 33569722 24864907934 0
1787572711 33569862 24864920069 0
1787572712 33570045 24864932205 0
1787572713 33570174 24864944283 0
1787572714 33570351 24864956446 0
1787572715 33570532 24864968440 0
1787572716 33570678 24864980527 0
1787572717 33570818 24864992642 0
1787572718 33570968 24865004914 0
1787572719 33571116 24865017134 0
1787572720 33571246 24865029383 0
1787572721 33571379 24865041542 0
1787572722 33571535 24865053654 0
1787572723 33571692 24865065746 0
1787572724 33571880 24865077952 0
1787572725 33572095 24865089945 0
1787572726 33572248 24865101996 0
1787572727 33572392 24865114002 0
1787572728 33572653 24865126054 0
1787572729 33572904 24865137976 0
1787572730 33573129 24865150030 0
1787572731 33573335 24865162005 0
1787572732 33573634 24865174041 0
1787572733 33574131 24865185902 0
1787572734 33574580 24865197928 0
1787572735 33575008 24865209972 0
1787572736 33575949 24865220172 0
1787572737 33577091 24865230244 0
1787572738 33578092 24865241669 0
1787572739 33578294 24865253876 0
1787572740 33578531 24865265957 0
1787572741 33578794 24865277965 0
1787572742 33578939 24865290219 0
1787572743 33579179 24865302401 0
1787572744 33579366 24865314661 0
1787572746 33579578 24865326947 0
1787572747 33579785 24865339207 0
1787572748 33579978 24865351402 0
1787572749 33580179 24865363678 0
1787572750 33580368 24865375866 0
1787572751 33580503 24865388091 0
1787572752 33580691 24865400357 0
1787572753 33580853 24865412722 0
1787572754 33581008 24865424905 0
1787572755 33581167 24865437260 0
