1787571524 33339188 24851170691 0
1787571525 33339327 24851182594 0
1787571526 33339461 24851194267 0
1787571527 33339639 24851205888 0
1787571528 33339826 24851217899 0
1787571529 33339995 24851229511 0
1787571530 33340171 24851241188 0
1787571531 33340336 24851253186 0
1787571532 33340478 24851264830 0
1787571533 33340655 24851276568 0
1787571534 33340819 24851288332 0
1787571535 33340984 24851300195 0
1787571536 33341170 24851311791 0
1787571537 33341351 24851323603 0
1787571538 33341536 24851335438 0
1787571539 33341680 24851347033 0
1787571541 33341858 24851358845 0
1787571542 33342000 24851370511 0
1787571543 33342151 24851382252 0
1787571544 33342302 24851394032 0
1787571545 33342449 24851405664 0
1787571546 33342610 24851417441 0
1787571547 33342831 24851429111 0
1787571548 33343037 24851440704 0
1787571549 33343227 24851452388 0
1787571550 33343401 24851464007 0
1787571551 33343534 24851475758 0
1787571552 33343671 24851487250 0
1787571553 33343843 24851498868 0
1787571554 33344040 24851510662 0
1787571555 33344217 24851522272 0
1787571556 33344411 24851534074 0
1787571557 33344601 24851545576 0
1787571558 33344750 24851557326 0
1787571559 33344898 24851569079 0
1787571560 33345039 24851580883 0
1787571561 33345208 24851592555 0
1787571562 33345400 24851604210 0
1787571563 33345583 24851616017 0
1787571564 33345743 24851627782 0
1787571565 33345898 24851639529 0
1787571566 33346029 24851651142 0
1787571567 33346180 24851662856 0
1787571568 33346336 24851674562 0
1787571569 33346514 24851686525 0
1787571570 33346779 24851698218 0
1787571571 33347029 24851709828 0
1787571572 33347309 24851721493 0
1787571573 33347582 24851733167 0
1787571574 33347820 24851744653 0
1787571575 33347934 24851756459 0
1787571576 33348102 24851768211 0
1787571577 33348280 24851779925 0
1787571579 33348479 24851791453 0
1787571580 33348672 24851803297 0
1787571581 33348846 24851815047 0
1787571582 33349008 24851826687 0
1787571583 33349159 24851838444 0
1787571584 33349313 24851850132 0
1787571585 33349508 24851861761 0
1787571586 33349672 24851873671 0
1787571587 33349834 24851885352 0
1787571588 33350007 24851896723 0
