1787572989 33647901 24868167225 0
1787572990 33648056 24868179374 0
1787572991 33648214 24868191552 0
1787572992 33648387 24868203923 0
1787572993 33648527 24868216201 0
1787572994 33648680 24868228339 0
1787572995 33648856 24868240603 0
1787572996 33649045 24868252812 0
1787572997 33649194 24868265004 0
1787572998 33649379 24868277273 0
1787572999 33649761 24868289296 0
1787573000 33649953 24868301409 0
1787573001 33650134 24868313644 0
1787573002 33650485 24868325692 0
1787573003 33651095 24868337712 0
1787573004 33651464 24868349802 0
1787573005 33652319 24868360090 0
1787573006 33653354 24868370219 0
1787573007 33654478 24868380420 0
1787573008 33655021 24868392960 0
1787573009 33655207 24868404993 0
1787573010 33655316 24868417134 0
1787573011 33655446 24868429351 0
1787573012 33655622 24868441488 0
1787573013 33655770 24868453670 0
1787573014 33655932 24868465831 0
1787573015 33656088 24868477972 0
1787573016 33656242 24868490102 0
1787573017 33656381 24868502268 0
1787573018 33656534 24868514482 0
1787573019 33656650 24868526685 0
1787573020 33656761 24868538840 0
1787573021 33656933 24868550994 0
1787573022 33657110 24868563106 0
1787573023 33657257 24868575253 0
1787573024 33657394 24868587424 0
1787573026 33657518 24868599533 0
1787573027 33657657 24868611778 0
1787573028 33657828 24868624086 0
1787573029 33658105 24868636181 0
1787573030 33658262 24868648415 0
1787573031 33658417 24868660526 0
1787573032 33658613 24868672690 0
1787573033 33658941 24868684117 0
1787573034 33659483 24868696184 0
1787573035 33659855 24868708247 0
1787573036 33660667 24868718667 0
1787573037 33661687 24868729075 0
1787573038 33662833 24868739634 0
1787573039 33663309 24868752820 0
1787573040 33663460 24868764874 0
1787573041 33663649 24868776988 0
1787573042 33663763 24868789093 0
1787573043 33663886 24868801225 0
1787573044 33664026 24868813409 0
1787573045 33664185 24868825697 0
1787573046 33664379 24868837886 0
1787573047 33664504 24868850106 0
1787573048 33664678 24868862227 0
1787573049 33664849 24868874451 0
1787573050 33664973 24868886628 0
1787573051 33665124 24868898851 0
1787573052 33665282 24868911054 0
1787573053 33665416 24868923330 0
