1787572989 33647902 24868167257 0
1787572990 33648057 24868179428 0
1787572991 33648218 24868191649 0
1787572992 33648405 24868205777 0
1787572993 33648565 24868218936 0
1787572994 33648721 24868232048 0
1787572995 33648906 24868244213 0
1787572996 33649085 24868256445 0
1787572997 33649230 24868268579 0
1787572998 33649487 24868280795 0
1787572999 33649806 24868292663 0
1787573000 33649997 24868305487 0
1787573001 33650201 24868317622 0
1787573002 33650660 24868329628 0
1787573003 33651253 24868342328 0
1787573005 33651822 24868353918 0
1787573006 33652923 24868366133 0
1787573007 33654026 24868376385 0
1787573008 33654928 24868387010 0
1787573009 33655120 24868399350 0
1787573010 33655260 24868411507 0
1787573011 33655392 24868423766 0
1787573012 33655542 24868436247 0
1787573013 33655699 24868449442 0
1787573014 33655880 24868461649 0
1787573015 33656022 24868473861 0
1787573016 33656172 24868486005 0
1787573017 33656333 24868498270 0
1787573018 33656482 24868510370 0
1787573019 33656607 24868522495 0
1787573020 33656716 24868534646 0
1787573021 33656878 24868547045 0
1787573022 33657071 24868560396 0
1787573023 33657226 24868573362 0
1787573024 33657380 24868586429 0
1787573026 33657518 24868599538 0
1787573027 33657675 24868612736 0
1787573028 33657845 24868624917 0
1787573029 33658113 24868637063 0
1787573030 33658284 24868649223 0
1787573031 33658432 24868661393 0
1787573032 33658635 24868673513 0
1787573033 33659073 24868687892 0
1787573034 33659651 24868699891 0
1787573035 33660055 24868712559 0
1787573036 33661051 24868723430 0
1787573037 33662274 24868734745 0
1787573038 33663229 24868746335 0
1787573040 33663377 24868759121 0
1787573041 33663582 24868771464 0
1787573042 33663712 24868784422 0
1787573043 33663830 24868796508 0
1787573044 33663958 24868808669 0
1787573045 33664113 24868821041 0
1787573046 33664278 24868833377 0
1787573047 33664458 24868845535 0
1787573048 33664633 24868857938 0
1787573049 33664789 24868870017 0
1787573050 33664935 24868882262 0
1787573051 33665077 24868894570 0
1787573052 33665216 24868906749 0
1787573053 33665370 24868919019 0
