1787571524 33339186 24851170644 0
1787571525 33339337 24851183548 0
1787571526 33339505 24851197189 0
1787571528 33339697 24851209968 0
1787571529 33339902 24851222506 0
1787571530 33340095 24851235889 0
1787571531 33340273 24851248365 0
1787571532 33340414 24851260153 0
1787571533 33340600 24851271776 0
1787571534 33340762 24851283517 0
1787571535 33340905 24851295278 0
1787571536 33341079 24851307014 0
1787571537 33341272 24851318978 0
1787571538 33341461 24851330719 0
1787571539 33341642 24851343098 0
1787571540 33341815 24851355479 0
1787571541 33341962 24851368159 0
1787571542 33342125 24851380621 0
1787571544 33342288 24851393301 0
1787571545 33342447 24851405570 0
1787571546 33342605 24851417239 0
1787571547 33342827 24851429023 0
1787571548 33343037 24851440697 0
1787571549 33343226 24851452348 0
1787571550 33343429 24851465703 0
1787571551 33343554 24851477377 0
1787571552 33343691 24851488895 0
1787571553 33343862 24851500505 0
1787571554 33344056 24851512248 0
1787571555 33344253 24851524043 0
1787571556 33344447 24851536006 0
1787571557 33344644 24851548483 0
1787571558 33344806 24851560210 0
1787571559 33344940 24851572675 0
1787571560 33345086 24851584576 0
1787571561 33345272 24851596392 0
1787571562 33345458 24851608052 0
1787571564 33345623 24851620489 0
1787571565 33345790 24851632309 0
1787571566 33345954 24851643962 0
1787571567 33346081 24851655674 0
1787571568 33346230 24851667458 0
1787571569 33346395 24851679181 0
1787571570 33346600 24851690955 0
1787571571 33346873 24851702773 0
1787571572 33347150 24851715226 0
1787571573 33347436 24851726713 0
1787571574 33347719 24851738817 0
1787571575 33347895 24851751444 0
1787571576 33348049 24851763992 0
1787571577 33348215 24851775847 0
1787571578 33348427 24851788123 0
1787571579 33348634 24851800702 0
1787571581 33348834 24851814269 0
1787571582 33349011 24851826812 0
1787571583 33349162 24851838534 0
1787571584 33349325 24851850697 0
1787571585 33349535 24851863245 0
1787571586 33349697 24851875083 0
1787571587 33349850 24851886788 0
1787571588 33350032 24851898131 0
