1787568098 32900309 24811416482 0
1787568100 32900422 24811428812 0
1787568101 32900487 24811441157 0
1787568102 32900533 24811453378 0
1787568103 32900558 24811465590 0
1787568104 32900594 24811477771 0
1787568105 32900646 24811490185 0
1787568106 32900676 24811502778 0
1787568107 32900711 24811514991 0
1787568108 32900744 24811527246 0
1787568109 32900802 24811539539 0
1787568110 32900855 24811551770 0
1787568111 32900891 24811564221 0
1787568112 32900941 24811576446 0
1787568113 32901055 24811588663 0
1787568114 32901119 24811600934 0
1787568115 32901174 24811613184 0
1787568116 32901212 24811625644 0
1787568117 32901260 24811637960 0
1787568118 32901318 24811650408 0
1787568119 32901358 24811662620 0
1787568120 32901421 24811674872 0
1787568121 32901482 24811687170 0
1787568122 32901543 24811699395 0
1787568123 32901599 24811711664 0
1787568124 32901640 24811723877 0
1787568125 32901678 24811736135 0
1787568126 32901728 24811748453 0
1787568127 32901763 24811760732 0
1787568128 32901825 24811772968 0
1787568129 32901874 24811785259 0
1787568130 32901923 24811797541 0
1787568131 32901980 24811809773 0
1787568132 32902019 24811822195 0
1787568133 32902097 24811834533 0
1787568134 32902164 24811846931 0
1787568136 32902229 24811859206 0
1787568137 32902289 24811871614 0
1787568138 32902324 24811883947 0
1787568139 32902384 24811896221 0
1787568140 32902449 24811908479 0
1787568141 32902495 24811920689 0
1787568142 32902592 24811932980 0
1787568143 32902665 24811945339 0
1787568144 32902761 24811957683 0
1787568145 32902817 24811970082 0
1787568146 32902854 24811982316 0
1787568147 32902913 24811994565 0
1787568148 32902979 24812007018 0
1787568149 32903066 24812019472 0
1787568150 32903139 24812031957 0
1787568151 32903210 24812044146 0
1787568152 32903276 24812056402 0
1787568153 32903355 24812068716 0
1787568154 32903436 24812081038 0
1787568155 32903517 24812093629 0
1787568156 32903598 24812106736 0
1787568157 32903650 24812119087 0
1787568158 32903719 24812131559 0
1787568159 32903772 24812144078 0
1787568160 32903819 24812156296 0
1787568161 32903839 24812168596 0
1787568162 32903860 24812180778 0
