1787564605 32802437 24769562614 0
1787564606 32802521 24769574810 0
1787564607 32802599 24769586959 0
1787564608 32802687 24769599209 0
1787564609 32802775 24769611390 0
1787564610 32802856 24769623577 0
1787564611 32802935 24769635843 0
1787564612 32802977 24769648034 0
1787564613 32803010 24769660216 0
1787564614 32803051 24769672404 0
1787564616 32803085 24769684581 0
1787564617 32803116 24769696764 0
1787564618 32803187 24769708924 0
1787564619 32803268 24769721066 0
1787564620 32803338 24769733276 0
1787564621 32803400 24769745654 0
1787564622 32803477 24769757947 0
1787564623 32803554 24769770140 0
1787564624 32803617 24769782427 0
1787564625 32803698 24769794590 0
1787564626 32803775 24769806824 0
1787564627 32803866 24769819016 0
1787564628 32803947 24769831171 0
1787564629 32804037 24769843402 0
1787564630 32804081 24769855725 0
1787564631 32804106 24769867893 0
1787564632 32804118 24769880085 0
1787564633 32804130 24769892265 0
1787564634 32804148 24769904574 0
1787564635 32804164 24769916782 0
1787564636 32804200 24769929025 0
1787564637 32804291 24769941296 0
1787564638 32804360 24769953577 0
1787564639 32804429 24769965893 0
1787564640 32804515 24769978182 0
1787564641 32804589 24769990423 0
1787564642 32804674 24770002663 0
1787564643 32804753 24770014864 0
1787564644 32804838 24770027066 0
1787564645 32804926 24770039242 0
1787564646 32805007 24770051391 0
1787564647 32805085 24770063534 0
1787564648 32805158 24770075682 0
1787564649 32805238 24770087837 0
1787564650 32805324 24770100113 0
1787564651 32805397 24770112341 0
1787564652 32805468 24770124510 0
1787564653 32805558 24770136666 0
1787564654 32805646 24770148822 0
1787564655 32805723 24770161037 0
1787564656 32805808 24770173256 0
1787564657 32805895 24770185528 0
1787564658 32805982 24770197816 0
1787564659 32806066 24770210087 0
1787564660 32806140 24770222254 0
1787564661 32806215 24770234446 0
1787564663 32806298 24770246689 0
1787564664 32806381 24770258963 0
1787564665 32806465 24770271387 0
1787564666 32806553 24770283582 0
1787564667 32806643 24770295873 0
1787564668 32806726 24770308076 0
1787564669 32806814 24770320268 0
