1787563455 32679643 24755835360 0
1787563457 32679734 24755847552 0
1787563458 32679829 24755859979 0
1787563459 32679915 24755872292 0
1787563460 32680007 24755884498 0
1787563461 32680093 24755896686 0
1787563462 32680176 24755908856 0
1787563463 32680266 24755921092 0
1787563464 32680341 24755933306 0
1787563465 32680417 24755945582 0
1787563466 32680509 24755957792 0
1787563467 32680595 24755969963 0
1787563468 32680677 24755982232 0
1787563469 32680768 24755994542 0
1787563470 32680854 24756006849 0
1787563471 32680934 24756019023 0
1787563472 32681009 24756031185 0
1787563473 32681089 24756043346 0
1787563474 32681174 24756055537 0
1787563475 32681257 24756067719 0
1787563476 32681339 24756079946 0
1787563477 32681438 24756092327 0
1787563478 32681518 24756104577 0
1787563479 32681601 24756116835 0
1787563480 32681673 24756129028 0
1787563481 32681748 24756141213 0
1787563482 32681832 24756153448 0
1787563483 32681919 24756165738 0
1787563484 32682010 24756177955 0
1787563485 32682097 24756190143 0
1787563486 32682180 24756202345 0
1787563487 32682272 24756214549 0
1787563488 32682364 24756226772 0
1787563489 32682431 24756239092 0
1787563490 32682514 24756251273 0
1787563491 32682588 24756263467 0
1787563492 32682665 24756275651 0
1787563493 32682742 24756287882 0
1787563494 32682814 24756300191 0
1787563495 32682889 24756312478 0
1787563496 32682961 24756324635 0
1787563497 32683033 24756336776 0
1787563498 32683107 24756348914 0
1787563499 32683181 24756361131 0
1787563500 32683244 24756373274 0
1787563502 32683323 24756385437 0
1787563503 32683402 24756397735 0
1787563504 32683474 24756409882 0
1787563505 32683561 24756422093 0
1787563506 32683641 24756434424 0
1787563507 32683710 24756446549 0
1787563508 32683784 24756458754 0
1787563509 32683858 24756471010 0
1787563510 32683929 24756483269 0
1787563511 32684004 24756495770 0
1787563512 32684073 24756507883 0
1787563513 32684146 24756520105 0
1787563514 32684210 24756532248 0
1787563515 32684280 24756544423 0
1787563516 32684368 24756556665 0
1787563517 32684397 24756568957 0
1787563518 32684413 24756581219 0
1787563519 32684431 24756593541 0
