1787563731 32705884 24759123661 0
1787563732 32705997 24759135805 0
1787563733 32706099 24759147999 0
1787563734 32706201 24759160181 0
1787563735 32706321 24759172409 0
1787563736 32706428 24759184775 0
1787563737 32706542 24759197025 0
1787563738 32706653 24759209180 0
1787563739 32706764 24759221533 0
1787563740 32706879 24759233896 0
1787563741 32706984 24759246136 0
1787563742 32707140 24759258260 0
1787563743 32707277 24759270360 0
1787563744 32707410 24759282513 0
1787563745 32707550 24759294704 0
1787563746 32707669 24759306831 0
1787563747 32707795 24759319011 0
1787563748 32707925 24759331404 0
1787563749 32708049 24759343762 0
1787563750 32708168 24759355978 0
1787563751 32708293 24759368266 0
1787563752 32708413 24759380405 0
1787563753 32708559 24759392712 0
1787563754 32708684 24759404839 0
1787563755 32708819 24759417169 0
1787563756 32708938 24759429346 0
1787563757 32709079 24759441511 0
1787563758 32709202 24759453690 0
1787563760 32709349 24759465785 0
1787563761 32709481 24759478079 0
1787563762 32709602 24759490253 0
1787563763 32709748 24759502411 0
1787563764 32709903 24759514633 0
1787563765 32710026 24759526748 0
1787563766 32710161 24759539023 0
1787563767 32710296 24759551289 0
1787563768 32710441 24759563507 0
1787563769 32710584 24759575689 0
1787563770 32710739 24759588019 0
1787563771 32710877 24759600289 0
1787563772 32710999 24759612511 0
1787563773 32711126 24759624753 0
1787563774 32711246 24759636919 0
1787563775 32711373 24759649054 0
1787563776 32711513 24759661198 0
1787563777 32711640 24759673391 0
1787563778 32711758 24759685623 0
1787563779 32711896 24759697749 0
1787563780 32712046 24759710028 0
1787563781 32712192 24759722219 0
1787563782 32712323 24759734316 0
1787563783 32712463 24759746426 0
1787563784 32712595 24759758611 0
1787563785 32712746 24759770718 0
1787563786 32712896 24759783018 0
1787563787 32713019 24759795146 0
1787563788 32713137 24759807245 0
1787563789 32713267 24759819346 0
1787563790 32713406 24759831496 0
1787563791 32713530 24759843616 0
1787563792 32713660 24759855828 0
1787563793 32713778 24759868022 0
1787563794 32713889 24759880198 0
1787563795 32714029 24759892337 0
