1787563455 32679643 24755835389 0
1787563457 32679738 24755847679 0
1787563458 32679825 24755859889 0
1787563459 32679912 24755872086 0
1787563460 32680004 24755884271 0
1787563461 32680089 24755896436 0
1787563462 32680173 24755908587 0
1787563463 32680261 24755920775 0
1787563464 32680346 24755933672 0
1787563465 32680424 24755946037 0
1787563466 32680513 24755958264 0
1787563467 32680604 24755970502 0
1787563468 32680684 24755982733 0
1787563469 32680774 24755994995 0
1787563470 32680860 24756007299 0
1787563471 32680942 24756019837 0
1787563472 32681017 24756032079 0
1787563473 32681098 24756044259 0
1787563474 32681177 24756056472 0
1787563475 32681267 24756068752 0
1787563476 32681352 24756080971 0
1787563477 32681446 24756093225 0
1787563478 32681527 24756105537 0
1787563479 32681610 24756117854 0
1787563480 32681680 24756130089 0
1787563481 32681759 24756142325 0
1787563482 32681842 24756154474 0
1787563483 32681928 24756166638 0
1787563484 32682015 24756178801 0
1787563485 32682105 24756191025 0
1787563486 32682191 24756203274 0
1787563487 32682282 24756215459 0
1787563488 32682372 24756227713 0
1787563489 32682442 24756239860 0
1787563490 32682522 24756252012 0
1787563491 32682595 24756264295 0
1787563492 32682673 24756276516 0
1787563493 32682753 24756288973 0
1787563494 32682822 24756301270 0
1787563495 32682898 24756313430 0
1787563496 32682968 24756325545 0
1787563498 32683042 24756337714 0
1787563499 32683118 24756349929 0
1787563500 32683192 24756362238 0
1787563501 32683258 24756374494 0
1787563502 32683339 24756386686 0
1787563503 32683414 24756398843 0
1787563504 32683486 24756411192 0
1787563505 32683573 24756423499 0
1787563506 32683654 24756435749 0
1787563507 32683721 24756447871 0
1787563508 32683797 24756460147 0
1787563509 32683868 24756472425 0
1787563510 32683940 24756484579 0
1787563511 32684013 24756496796 0
1787563512 32684083 24756508950 0
1787563513 32684158 24756521296 0
1787563514 32684225 24756533994 0
1787563515 32684295 24756546243 0
1787563516 32684383 24756558442 0
1787563517 32684402 24756570688 0
1787563518 32684419 24756582931 0
1787563519 32684436 24756595121 0
