1787563818 32714926 24760166981 0
1787563819 32715040 24760179182 0
1787563820 32715163 24760191443 0
1787563821 32715276 24760203622 0
1787563822 32715393 24760215878 0
1787563823 32715501 24760228112 0
1787563824 32715624 24760240270 0
1787563825 32715744 24760252499 0
1787563826 32715857 24760264653 0
1787563827 32715963 24760277004 0
1787563829 32716100 24760289322 0
1787563830 32716258 24760301578 0
1787563831 32716374 24760313740 0
1787563832 32716512 24760325843 0
1787563833 32716643 24760337991 0
1787563834 32716771 24760350224 0
1787563835 32716922 24760362401 0
1787563836 32717060 24760374563 0
1787563837 32717208 24760386685 0
1787563838 32717348 24760398869 0
1787563839 32717520 24760411061 0
1787563840 32717657 24760423190 0
1787563841 32717766 24760435410 0
1787563842 32717908 24760447591 0
1787563843 32718023 24760459686 0
1787563844 32718157 24760471852 0
1787563845 32718276 24760483991 0
1787563846 32718432 24760496256 0
1787563847 32718561 24760508439 0
1787563848 32718699 24760520602 0
1787563849 32718823 24760532771 0
1787563850 32718961 24760544996 0
1787563851 32719097 24760557114 0
1787563852 32719216 24760569245 0
1787563853 32719375 24760581534 0
1787563854 32719517 24760593776 0
1787563855 32719664 24760605967 0
1787563856 32719819 24760618187 0
1787563857 32719956 24760630429 0
1787563858 32720102 24760642588 0
1787563859 32720248 24760654867 0
1787563860 32720394 24760667117 0
1787563861 32720539 24760679325 0
1787563862 32720694 24760691518 0
1787563863 32720857 24760703629 0
1787563864 32721003 24760715834 0
1787563865 32721146 24760727990 0
1787563866 32721264 24760740233 0
1787563867 32721413 24760752393 0
1787563868 32721555 24760764546 0
1787563869 32721668 24760776734 0
1787563870 32721812 24760788950 0
1787563871 32721979 24760801413 0
1787563873 32722121 24760813686 0
1787563874 32722264 24760825932 0
1787563875 32722393 24760838372 0
1787563876 32722537 24760850588 0
1787563877 32722675 24760862707 0
1787563878 32722832 24760874995 0
1787563879 32722972 24760887116 0
1787563880 32723138 24760899450 0
1787563881 32723270 24760911532 0
1787563882 32723409 24760923667 0
