1787563455 32679643 24755835380 0
1787563457 32679735 24755847597 0
1787563458 32679827 24755859942 0
1787563459 32679915 24755872270 0
1787563460 32680008 24755884588 0
1787563461 32680094 24755896764 0
1787563462 32680179 24755908932 0
1787563463 32680266 24755921094 0
1787563464 32680342 24755933318 0
1787563465 32680417 24755945587 0
1787563466 32680509 24755957842 0
1787563467 32680597 24755970035 0
1787563468 32680678 24755982316 0
1787563469 32680769 24755994574 0
1787563470 32680853 24756006818 0
1787563471 32680935 24756019122 0
1787563472 32681012 24756031373 0
1787563473 32681093 24756043535 0
1787563474 32681175 24756055695 0
1787563475 32681260 24756067874 0
1787563476 32681341 24756080080 0
1787563477 32681437 24756092276 0
1787563478 32681518 24756104531 0
1787563479 32681599 24756116711 0
1787563480 32681671 24756128972 0
1787563481 32681748 24756141190 0
1787563482 32681832 24756153472 0
1787563483 32681917 24756165707 0
1787563484 32682010 24756177973 0
1787563485 32682098 24756190157 0
1787563486 32682183 24756202479 0
1787563487 32682274 24756214658 0
1787563488 32682364 24756226814 0
1787563489 32682431 24756239085 0
1787563490 32682514 24756251328 0
1787563491 32682589 24756263520 0
1787563492 32682667 24756275743 0
1787563493 32682745 24756288062 0
1787563494 32682817 24756300392 0
1787563495 32682891 24756312611 0
1787563496 32682963 24756324774 0
1787563497 32683035 24756336953 0
1787563498 32683112 24756349317 0
1787563499 32683185 24756361465 0
1787563501 32683248 24756373611 0
1787563502 32683327 24756385772 0
1787563503 32683407 24756398010 0
1787563504 32683479 24756410253 0
1787563505 32683569 24756422661 0
1787563506 32683649 24756434902 0
1787563507 32683717 24756447075 0
1787563508 32683792 24756459309 0
1787563509 32683862 24756471484 0
1787563510 32683934 24756483839 0
1787563511 32684008 24756496127 0
1787563512 32684078 24756508402 0
1787563513 32684150 24756520625 0
1787563514 32684218 24756532803 0
1787563515 32684287 24756545133 0
1787563516 32684377 24756557395 0
1787563517 32684400 24756569665 0
1787563518 32684416 24756581863 0
1787563519 32684434 24756594049 0
