1787564605 32802437 24769562616 0
1787564606 32802524 24769574879 0
1787564607 32802605 24769587257 0
1787564608 32802692 24769599472 0
1787564609 32802780 24769611712 0
1787564610 32802862 24769623900 0
1787564611 32802939 24769636130 0
1787564612 32802980 24769648303 0
1787564614 32803013 24769660511 0
1787564615 32803056 24769672931 0
1787564616 32803093 24769685778 0
1787564617 32803125 24769697969 0
1787564618 32803193 24769710227 0
1787564619 32803278 24769722575 0
1787564620 32803350 24769734833 0
1787564621 32803416 24769747027 0
1787564622 32803489 24769759209 0
1787564623 32803559 24769771495 0
1787564624 32803627 24769783626 0
1787564625 32803710 24769795757 0
1787564626 32803787 24769808030 0
1787564627 32803878 24769820404 0
1787564628 32803966 24769832591 0
1787564629 32804053 24769844882 0
1787564630 32804095 24769857225 0
1787564631 32804108 24769869526 0
1787564632 32804120 24769881712 0
1787564633 32804135 24769893965 0
1787564634 32804152 24769906212 0
1787564635 32804167 24769918412 0
1787564636 32804212 24769930616 0
1787564637 32804296 24769942834 0
1787564638 32804368 24769954979 0
1787564639 32804437 24769967133 0
1787564640 32804523 24769979290 0
1787564641 32804599 24769991498 0
1787564642 32804680 24770003751 0
1787564643 32804764 24770016314 0
1787564644 32804855 24770029020 0
1787564645 32804937 24770041167 0
1787564646 32805018 24770053359 0
1787564647 32805101 24770065620 0
1787564648 32805174 24770078002 0
1787564649 32805255 24770090229 0
1787564650 32805340 24770102363 0
1787564651 32805414 24770114593 0
1787564652 32805480 24770126753 0
1787564653 32805569 24770138914 0
1787564655 32805657 24770151096 0
1787564656 32805736 24770163298 0
1787564657 32805818 24770175445 0
1787564658 32805906 24770187583 0
1787564659 32805995 24770199739 0
1787564660 32806077 24770211887 0
1787564661 32806154 24770224087 0
1787564662 32806228 24770236288 0
1787564663 32806310 24770248612 0
1787564664 32806398 24770260859 0
1787564665 32806482 24770273091 0
1787564666 32806568 24770285405 0
1787564667 32806658 24770297698 0
1787564668 32806739 24770310146 0
1787564669 32806829 24770322384 0
