1787565335 32842978 24778300116 0
1787565336 32843096 24778312280 0
1787565337 32843238 24778324438 0
1787565338 32843363 24778336631 0
1787565340 32843479 24778348827 0
1787565341 32843618 24778361087 0
1787565342 32843747 24778373340 0
1787565343 32843882 24778385512 0
1787565344 32844022 24778397858 0
1787565345 32844173 24778410070 0
1787565346 32844303 24778422270 0
1787565347 32844456 24778434592 0
1787565348 32844596 24778446849 0
1787565349 32844734 24778459106 0
1787565350 32844865 24778471381 0
1787565351 32844997 24778483645 0
1787565352 32845132 24778495881 0
1787565353 32845264 24778508178 0
1787565354 32845396 24778520571 0
1787565355 32845539 24778532839 0
1787565356 32845678 24778545042 0
1787565357 32845825 24778557203 0
1787565358 32845969 24778569395 0
1787565359 32846112 24778581679 0
1787565360 32846222 24778594057 0
1787565361 32846369 24778606275 0
1787565362 32846532 24778618522 0
1787565363 32846673 24778630722 0
1787565364 32846815 24778642911 0
1787565365 32846953 24778655105 0
1787565366 32847097 24778667377 0
1787565367 32847248 24778679483 0
1787565368 32847388 24778691728 0
1787565369 32847514 24778704030 0
1787565370 32847614 24778716237 0
1787565371 32847741 24778728551 0
1787565372 32847876 24778740737 0
1787565373 32848007 24778752872 0
1787565374 32848124 24778765022 0
1787565375 32848269 24778777405 0
1787565376 32848426 24778789641 0
1787565378 32848521 24778801820 0
1787565379 32848630 24778814007 0
1787565380 32848760 24778826179 0
1787565381 32848922 24778838460 0
1787565382 32849038 24778850887 0
1787565383 32849175 24778863066 0
1787565384 32849310 24778875370 0
1787565385 32849457 24778887567 0
1787565386 32849620 24778899725 0
1787565387 32849798 24778911861 0
1787565388 32849943 24778923970 0
1787565389 32850083 24778936160 0
1787565390 32850224 24778948589 0
1787565391 32850364 24778960849 0
1787565392 32850492 24778972998 0
1787565393 32850607 24778985187 0
1787565394 32850746 24778997408 0
1787565395 32850898 24779009649 0
1787565396 32851049 24779021828 0
1787565397 32851145 24779033982 0
1787565398 32851178 24779046149 0
1787565399 32851195 24779058326 0
