1787568099 32900309 24811416503 0
1787568100 32900422 24811428854 0
1787568101 32900487 24811441189 0
1787568102 32900532 24811453337 0
1787568103 32900557 24811465512 0
1787568104 32900594 24811477804 0
1787568105 32900643 24811490086 0
1787568106 32900673 24811502638 0
1787568107 32900712 24811515023 0
1787568108 32900744 24811527233 0
1787568109 32900799 24811539435 0
1787568110 32900854 24811551736 0
1787568111 32900888 24811563985 0
1787568112 32900933 24811576179 0
1787568113 32901053 24811588426 0
1787568114 32901118 24811600855 0
1787568115 32901177 24811613277 0
1787568116 32901210 24811625558 0
1787568117 32901259 24811637919 0
1787568118 32901316 24811650161 0
1787568119 32901357 24811662567 0
1787568120 32901418 24811674747 0
1787568121 32901480 24811686964 0
1787568122 32901540 24811699131 0
1787568123 32901596 24811711470 0
1787568124 32901638 24811723631 0
1787568125 32901674 24811735932 0
1787568126 32901723 24811748211 0
1787568127 32901759 24811760471 0
1787568128 32901822 24811772779 0
1787568129 32901873 24811785204 0
1787568130 32901925 24811797606 0
1787568131 32901983 24811809996 0
1787568132 32902026 24811822417 0
1787568133 32902103 24811834819 0
1787568135 32902166 24811847066 0
1787568136 32902232 24811859364 0
1787568137 32902292 24811871754 0
1787568138 32902326 24811883990 0
1787568139 32902387 24811896316 0
1787568140 32902451 24811908513 0
1787568141 32902496 24811920715 0
1787568142 32902599 24811933287 0
1787568143 32902673 24811945724 0
1787568144 32902765 24811958144 0
1787568145 32902822 24811970510 0
1787568146 32902859 24811982855 0
1787568147 32902920 24811995133 0
1787568148 32902986 24812007427 0
1787568149 32903071 24812019786 0
1787568150 32903140 24812032060 0
1787568151 32903214 24812044378 0
1787568152 32903281 24812056657 0
1787568153 32903360 24812069008 0
1787568154 32903440 24812081322 0
1787568155 32903519 24812093709 0
1787568156 32903593 24812106042 0
1787568157 32903647 24812118334 0
1787568158 32903713 24812130526 0
1787568159 32903767 24812142907 0
1787568160 32903815 24812155107 0
1787568161 32903834 24812167336 0
1787568162 32903854 24812179567 0
