1787563731 32705884 24759123661 0
1787563732 32705997 24759135805 0
1787563733 32706098 24759147932 0
1787563734 32706200 24759160072 0
1787563735 32706318 24759172311 0
1787563736 32706425 24759184585 0
1787563737 32706541 24759196858 0
1787563738 32706652 24759208990 0
1787563739 32706757 24759221203 0
1787563740 32706876 24759233741 0
1787563741 32706980 24759245947 0
1787563742 32707138 24759258172 0
1787563743 32707277 24759270367 0
1787563744 32707411 24759282574 0
1787563745 32707552 24759294761 0
1787563746 32707670 24759306876 0
1787563747 32707796 24759319072 0
1787563748 32707925 24759331354 0
1787563749 32708045 24759343550 0
1787563750 32708166 24759355831 0
1787563751 32708286 24759368013 0
1787563752 32708410 24759380225 0
1787563753 32708555 24759392367 0
1787563754 32708683 24759404547 0
1787563755 32708810 24759416679 0
1787563756 32708930 24759428845 0
1787563757 32709074 24759441096 0
1787563758 32709200 24759453249 0
1787563759 32709345 24759465444 0
1787563761 32709470 24759477615 0
1787563762 32709598 24759489803 0
1787563763 32709742 24759501937 0
1787563764 32709900 24759514141 0
1787563765 32710017 24759526288 0
1787563766 32710153 24759538460 0
1787563767 32710293 24759550830 0
1787563768 32710433 24759563034 0
1787563769 32710577 24759575209 0
1787563770 32710731 24759587355 0
1787563771 32710871 24759599540 0
1787563772 32710987 24759611812 0
1787563773 32711114 24759623920 0
1787563774 32711236 24759636104 0
1787563775 32711367 24759648457 0
1787563776 32711501 24759660685 0
1787563777 32711634 24759672877 0
1787563778 32711754 24759685219 0
1787563779 32711894 24759697625 0
1787563780 32712045 24759710027 0
1787563781 32712191 24759722130 0
1787563782 32712323 24759734345 0
1787563783 32712463 24759746437 0
1787563784 32712595 24759758632 0
1787563785 32712746 24759770714 0
1787563786 32712894 24759782967 0
1787563787 32713019 24759795146 0
1787563788 32713137 24759807245 0
1787563789 32713267 24759819347 0
1787563790 32713406 24759831495 0
1787563791 32713530 24759843616 0
1787563792 32713660 24759855828 0
1787563793 32713779 24759868039 0
1787563794 32713887 24759880149 0
1787563795 32714028 24759892306 0
