1787564067 32741937 24763139566 0
1787564068 32742037 24763151704 0
1787564069 32742190 24763163861 0
1787564070 32742331 24763176135 0
1787564071 32742480 24763188330 0
1787564072 32742605 24763200522 0
1787564073 32742762 24763212674 0
1787564074 32742915 24763224780 0
1787564075 32743064 24763236988 0
1787564076 32743200 24763249134 0
1787564077 32743341 24763261413 0
1787564079 32743475 24763273550 0
1787564080 32743621 24763285838 0
1787564081 32743771 24763298024 0
1787564082 32743917 24763310222 0
1787564083 32744054 24763322508 0
1787564084 32744183 24763334696 0
1787564085 32744323 24763346932 0
1787564086 32744472 24763359297 0
1787564087 32744610 24763371575 0
1787564088 32744733 24763383891 0
1787564089 32744882 24763396078 0
1787564090 32745002 24763408203 0
1787564091 32745140 24763420364 0
1787564092 32745283 24763432606 0
1787564093 32745412 24763444881 0
1787564094 32745525 24763457022 0
1787564095 32745643 24763469132 0
1787564096 32745785 24763481333 0
1787564097 32745896 24763493556 0
1787564098 32746027 24763505747 0
1787564099 32746161 24763518094 0
1787564100 32746283 24763530321 0
1787564101 32746416 24763542550 0
1787564102 32746571 24763554662 0
1787564103 32746712 24763566800 0
1787564104 32746829 24763579042 0
1787564105 32746969 24763591320 0
1787564106 32747088 24763603460 0
1787564107 32747240 24763615678 0
1787564108 32747374 24763627825 0
1787564109 32747499 24763640089 0
1787564110 32747622 24763652171 0
1787564111 32747741 24763664364 0
1787564112 32747863 24763676522 0
1787564113 32747981 24763688678 0
1787564114 32748097 24763700998 0
1787564115 32748196 24763713177 0
1787564116 32748313 24763725335 0
1787564117 32748436 24763737665 0
1787564118 32748580 24763749918 0
1787564119 32748716 24763762048 0
1787564121 32748837 24763774200 0
1787564122 32748973 24763786473 0
1787564123 32749102 24763798711 0
1787564124 32749204 24763810852 0
1787564125 32749329 24763823062 0
1787564126 32749426 24763835204 0
1787564127 32749572 24763847367 0
1787564128 32749691 24763859574 0
1787564129 32749809 24763871779 0
1787564130 32749831 24763884010 0
1787564131 32749844 24763896193 0
