1787565248 32832951 24777251411 0
1787565249 32833080 24777263579 0
1787565250 32833200 24777275859 0
1787565251 32833309 24777288113 0
1787565252 32833427 24777300424 0
1787565253 32833548 24777312688 0
1787565254 32833658 24777324963 0
1787565255 32833770 24777337120 0
1787565256 32833887 24777349294 0
1787565257 32834008 24777361570 0
1787565258 32834123 24777373718 0
1787565259 32834266 24777386017 0
1787565260 32834422 24777398322 0
1787565261 32834579 24777410552 0
1787565262 32834694 24777422728 0
1787565263 32834843 24777434869 0
1787565264 32835012 24777447098 0
1787565265 32835154 24777459239 0
1787565266 32835303 24777471544 0
1787565267 32835455 24777483843 0
1787565268 32835617 24777496328 0
1787565269 32835762 24777508623 0
1787565270 32835909 24777520786 0
1787565271 32836043 24777532998 0
1787565272 32836174 24777545168 0
1787565273 32836305 24777557431 0
1787565274 32836459 24777569616 0
1787565275 32836590 24777581798 0
1787565276 32836759 24777593968 0
1787565277 32836910 24777606130 0
1787565278 32837054 24777618288 0
1787565279 32837208 24777630585 0
1787565280 32837360 24777642929 0
1787565281 32837498 24777655310 0
1787565282 32837650 24777667562 0
1787565283 32837775 24777679698 0
1787565285 32837923 24777692243 0
1787565286 32838054 24777704442 0
1787565287 32838181 24777716583 0
1787565288 32838326 24777728771 0
1787565289 32838479 24777740917 0
1787565290 32838636 24777753111 0
1787565291 32838778 24777765324 0
1787565292 32838932 24777777499 0
1787565293 32839063 24777789700 0
1787565294 32839205 24777801969 0
1787565295 32839365 24777814246 0
1787565296 32839511 24777826522 0
1787565297 32839664 24777838953 0
1787565298 32839789 24777851218 0
1787565299 32839946 24777863503 0
1787565300 32840064 24777875823 0
1787565301 32840222 24777888093 0
1787565302 32840361 24777900221 0
1787565303 32840499 24777912462 0
1787565304 32840629 24777924680 0
1787565305 32840771 24777936897 0
1787565306 32840896 24777949050 0
1787565307 32841046 24777961171 0
1787565308 32841186 24777973275 0
1787565309 32841345 24777985446 0
1787565310 32841485 24777997629 0
1787565311 32841637 24778009951 0
1787565312 32841752 24778022122 0
