1787564605 32802437 24769562622 0
1787564606 32802521 24769574820 0
1787564607 32802602 24769587161 0
1787564608 32802691 24769599436 0
1787564609 32802780 24769611711 0
1787564610 32802862 24769623872 0
1787564611 32802939 24769636129 0
1787564612 32802981 24769648419 0
1787564614 32803019 24769660888 0
1787564615 32803061 24769673295 0
1787564616 32803092 24769685530 0
1787564617 32803126 24769697996 0
1787564618 32803195 24769710342 0
1787564619 32803278 24769722690 0
1787564620 32803352 24769734864 0
1787564621 32803418 24769747130 0
1787564622 32803491 24769759344 0
1787564623 32803561 24769771593 0
1787564624 32803630 24769783740 0
1787564625 32803713 24769795870 0
1787564626 32803787 24769808050 0
1787564627 32803878 24769820331 0
1787564628 32803966 24769832602 0
1787564629 32804053 24769844882 0
1787564630 32804097 24769857328 0
1787564631 32804108 24769869526 0
1787564632 32804121 24769881765 0
1787564633 32804136 24769894005 0
1787564634 32804153 24769906254 0
1787564635 32804168 24769918460 0
1787564636 32804212 24769930616 0
1787564637 32804297 24769942882 0
1787564638 32804370 24769955119 0
1787564639 32804441 24769967607 0
1787564640 32804529 24769979965 0
1787564641 32804606 24769992267 0
1787564642 32804687 24770004487 0
1787564643 32804768 24770016705 0
1787564644 32804856 24770029073 0
1787564645 32804938 24770041359 0
1787564646 32805020 24770053512 0
1787564647 32805104 24770065724 0
1787564648 32805174 24770078000 0
1787564649 32805254 24770090195 0
1787564650 32805342 24770102462 0
1787564651 32805415 24770114667 0
1787564652 32805483 24770126915 0
1787564654 32805573 24770139187 0
1787564655 32805661 24770151347 0
1787564656 32805739 24770163529 0
1787564657 32805822 24770175861 0
1787564658 32805910 24770188105 0
1787564659 32805997 24770200391 0
1787564660 32806080 24770212551 0
1787564661 32806159 24770224745 0
1787564662 32806233 24770237025 0
1787564663 32806316 24770249203 0
1787564664 32806405 24770261355 0
1787564665 32806486 24770273506 0
1787564666 32806574 24770285690 0
1787564667 32806661 24770297951 0
1787564668 32806740 24770310218 0
1787564669 32806831 24770322520 0
