1787563987 32734024 24762187178 0
1787563989 32734144 24762199298 0
1787563990 32734290 24762211405 0
1787563991 32734456 24762224209 0
1787563992 32734576 24762236355 0
1787563993 32734711 24762249315 0
1787563994 32734840 24762261536 0
1787563995 32734967 24762274306 0
1787563996 32735104 24762286499 0
1787563997 32735238 24762299559 0
1787563998 32735390 24762312687 0
1787563999 32735525 24762324896 0
1787564000 32735677 24762338748 0
1787564001 32735823 24762350976 0
1787564002 32735959 24762363283 0
1787564003 32736088 24762375445 0
1787564005 32736235 24762388755 0
1787564006 32736379 24762402089 0
1787564007 32736494 24762415053 0
1787564008 32736618 24762427192 0
1787564009 32736740 24762440215 0
1787564010 32736852 24762453213 0
1787564011 32736973 24762466380 0
1787564012 32737093 24762479516 0
1787564013 32737224 24762492445 0
1787564014 32737359 24762505629 0
1787564015 32737484 24762518749 0
1787564016 32737602 24762530977 0
1787564017 32737720 24762543709 0
1787564018 32737838 24762555862 0
1787564019 32737970 24762568157 0
1787564021 32738109 24762580734 0
1787564022 32738234 24762593011 0
1787564023 32738364 24762605222 0
1787564024 32738486 24762617575 0
1787564025 32738605 24762629749 0
1787564026 32738728 24762642782 0
1787564027 32738853 24762655054 0
1787564028 32738983 24762667226 0
1787564029 32739113 24762679772 0
1787564030 32739257 24762692618 0
1787564031 32739400 24762704764 0
1787564032 32739529 24762716897 0
1787564033 32739661 24762729647 0
1787564034 32739804 24762741792 0
1787564035 32739951 24762754808 0
1787564036 32740097 24762767763 0
1787564037 32740240 24762780937 0
1787564038 32740405 24762794084 0
1787564039 32740538 24762806272 0
1787564041 32740665 24762819163 0
1787564042 32740820 24762832188 0
1787564043 32740943 24762845282 0
1787564044 32741081 24762857460 0
1787564045 32741209 24762870428 0
1787564046 32741353 24762883475 0
1787564047 32741501 24762895600 0
1787564048 32741637 24762908516 0
1787564049 32741747 24762921852 0
1787564050 32741775 24762934162 0
1787564051 32741789 24762946351 0
