1787564067 32741937 24763139573 0
1787564068 32742038 24763151752 0
1787564069 32742189 24763163854 0
1787564070 32742343 24763176971 0
1787564072 32742500 24763190023 0
1787564073 32742634 24763202188 0
1787564074 32742802 24763215091 0
1787564075 32742963 24763228094 0
1787564076 32743116 24763241254 0
1787564077 32743251 24763253389 0
1787564078 32743394 24763265530 0
1787564079 32743535 24763278156 0
1787564080 32743676 24763290296 0
1787564081 32743814 24763302452 0
1787564082 32743974 24763315362 0
1787564083 32744112 24763328323 0
1787564084 32744244 24763340506 0
1787564085 32744392 24763352636 0
1787564086 32744545 24763365272 0
1787564087 32744663 24763377441 0
1787564088 32744818 24763390266 0
1787564089 32744945 24763402423 0
1787564090 32745079 24763415325 0
1787564091 32745227 24763427436 0
1787564093 32745361 24763440442 0
1787564094 32745504 24763453478 0
1787564095 32745622 24763466547 0
1787564096 32745763 24763479717 0
1787564097 32745880 24763491952 0
1787564098 32746011 24763504075 0
1787564099 32746146 24763516575 0
1787564100 32746277 24763529934 0
1787564101 32746418 24763542811 0
1787564102 32746578 24763554934 0
1787564103 32746728 24763567992 0
1787564104 32746844 24763580106 0
1787564105 32746988 24763593018 0
1787564106 32747118 24763606097 0
1787564107 32747274 24763618271 0
1787564109 32747413 24763630481 0
1787564110 32747537 24763643161 0
1787564111 32747651 24763656036 0
1787564112 32747794 24763668172 0
1787564113 32747891 24763681318 0
1787564114 32748023 24763693525 0
1787564115 32748135 24763705766 0
1787564116 32748243 24763717924 0
1787564117 32748361 24763730141 0
1787564118 32748504 24763742299 0
1787564119 32748634 24763755287 0
1787564120 32748780 24763767597 0
1787564121 32748906 24763780254 0
1787564122 32749048 24763793331 0
1787564123 32749161 24763806503 0
1787564124 32749288 24763818774 0
1787564125 32749397 24763831026 0
1787564126 32749520 24763843422 0
1787564127 32749651 24763855606 0
1787564128 32749789 24763868436 0
1787564129 32749827 24763880769 0
1787564130 32749839 24763892984 0
1787564131 32749854 24763905170 0
