1787563818 32714926 24760166995 0
1787563819 32715038 24760179132 0
1787563820 32715158 24760191305 0
1787563821 32715279 24760204338 0
1787563823 32715402 24760216557 0
1787563824 32715525 24760230667 0
1787563825 32715655 24760243789 0
1787563826 32715770 24760255954 0
1787563827 32715893 24760269003 0
1787563828 32716008 24760282046 0
1787563829 32716177 24760295107 0
1787563830 32716312 24760308247 0
1787563831 32716456 24760321311 0
1787563832 32716608 24760333442 0
1787563833 32716735 24760346492 0
1787563835 32716898 24760360697 0
1787563836 32717040 24760372816 0
1787563837 32717198 24760385832 0
1787563838 32717348 24760398862 0
1787563839 32717530 24760412027 0
1787563840 32717668 24760425060 0
1787563841 32717789 24760437218 0
1787563842 32717929 24760450193 0
1787563843 32718049 24760463212 0
1787563844 32718193 24760476361 0
1787563845 32718354 24760489593 0
1787563846 32718496 24760502728 0
1787563848 32718639 24760515711 0
1787563849 32718789 24760528847 0
1787563850 32718922 24760541006 0
1787563851 32719075 24760555078 0
1787563852 32719203 24760568143 0
1787563853 32719370 24760581318 0
1787563854 32719512 24760593426 0
1787563855 32719671 24760606390 0
1787563856 32719837 24760619543 0
1787563857 32719975 24760632620 0
1787563858 32720137 24760645682 0
1787563860 32720301 24760658937 0
1787563861 32720448 24760671982 0
1787563862 32720613 24760684954 0
1787563863 32720789 24760698171 0
1787563864 32720943 24760711253 0
1787563865 32721105 24760724480 0
1787563866 32721236 24760737509 0
1787563867 32721405 24760750681 0
1787563868 32721561 24760764914 0
1787563870 32721687 24760778098 0
1787563871 32721846 24760791207 0
1787563872 32722023 24760804386 0
1787563873 32722172 24760817532 0
1787563874 32722314 24760830616 0
1787563875 32722474 24760843764 0
1787563876 32722620 24760856916 0
1787563877 32722783 24760871002 0
1787563878 32722942 24760884031 0
1787563879 32723097 24760896188 0
1787563881 32723250 24760909129 0
1787563882 32723391 24760922234 0
