1787563535 32684599 24756788457 0
1787563536 32684713 24756800671 0
1787563537 32684823 24756812920 0
1787563538 32684959 24756825113 0
1787563539 32685071 24756837331 0
1787563540 32685192 24756849605 0
1787563541 32685316 24756861759 0
1787563542 32685434 24756873978 0
1787563543 32685577 24756886200 0
1787563544 32685699 24756898443 0
1787563545 32685822 24756910695 0
1787563546 32685965 24756922894 0
1787563547 32686112 24756935140 0
1787563548 32686238 24756947347 0
1787563550 32686374 24756959680 0
1787563551 32686530 24756971922 0
1787563552 32686661 24756984120 0
1787563553 32686794 24756996329 0
1787563554 32686934 24757008521 0
1787563555 32687079 24757020900 0
1787563556 32687195 24757033178 0
1787563557 32687335 24757045426 0
1787563558 32687474 24757057740 0
1787563559 32687599 24757069944 0
1787563560 32687742 24757082110 0
1787563561 32687877 24757094288 0
1787563562 32688002 24757106533 0
1787563563 32688142 24757118718 0
1787563564 32688272 24757130870 0
1787563565 32688399 24757143055 0
1787563566 32688544 24757155321 0
1787563567 32688687 24757167651 0
1787563568 32688825 24757179848 0
1787563569 32688960 24757192117 0
1787563570 32689093 24757204329 0
1787563571 32689202 24757216464 0
1787563572 32689318 24757228573 0
1787563573 32689454 24757240856 0
1787563574 32689589 24757253111 0
1787563575 32689705 24757265335 0
1787563576 32689824 24757277469 0
1787563577 32689938 24757289600 0
1787563578 32690060 24757301804 0
1787563579 32690191 24757313979 0
1787563580 32690305 24757326170 0
1787563581 32690424 24757338541 0
1787563582 32690549 24757350790 0
1787563583 32690665 24757363120 0
1787563584 32690786 24757375378 0
1787563585 32690897 24757387564 0
1787563586 32691036 24757399806 0
1787563587 32691154 24757412032 0
1787563589 32691293 24757424211 0
1787563590 32691427 24757436526 0
1787563591 32691557 24757448976 0
1787563592 32691697 24757461102 0
1787563593 32691815 24757473331 0
1787563594 32691955 24757485551 0
1787563595 32692097 24757497696 0
1787563596 32692223 24757509831 0
1787563597 32692343 24757521958 0
1787563598 32692468 24757534173 0
1787563599 32692524 24757546403 0
