1787564328 32770809 24766248842 0
1787564329 32770929 24766261898 0
1787564330 32771037 24766274145 0
1787564331 32771173 24766287024 0
1787564332 32771306 24766299186 0
1787564333 32771456 24766311499 0
1787564334 32771578 24766323759 0
1787564335 32771712 24766335851 0
1787564336 32771863 24766349042 0
1787564337 32772030 24766362069 0
1787564338 32772192 24766375227 0
1787564339 32772355 24766388280 0
1787564341 32772509 24766401507 0
1787564342 32772660 24766414617 0
1787564343 32772816 24766427754 0
1787564344 32772958 24766440879 0
1787564345 32773116 24766453885 0
1787564346 32773265 24766466007 0
1787564347 32773415 24766478888 0
1787564348 32773540 24766491020 0
1787564349 32773682 24766503957 0
1787564350 32773820 24766516146 0
1787564351 32773951 24766529021 0
1787564352 32774093 24766542121 0
1787564353 32774259 24766555300 0
1787564354 32774393 24766567716 0
1787564356 32774545 24766580190 0
1787564357 32774685 24766592359 0
1787564358 32774842 24766605090 0
1787564359 32774997 24766617176 0
1787564360 32775148 24766630168 0
1787564361 32775302 24766642517 0
1787564362 32775439 24766654743 0
1787564363 32775571 24766667029 0
1787564364 32775724 24766680212 0
1787564365 32775880 24766693334 0
1787564366 32776006 24766706433 0
1787564367 32776136 24766719554 0
1787564368 32776279 24766731721 0
1787564369 32776423 24766745723 0
1787564371 32776577 24766759002 0
1787564372 32776722 24766772108 0
1787564373 32776877 24766785165 0
1787564374 32777019 24766798338 0
1787564375 32777164 24766811413 0
1787564376 32777304 24766824416 0
1787564377 32777455 24766836662 0
1787564378 32777603 24766849606 0
1787564379 32777771 24766862440 0
1787564380 32777918 24766874608 0
1787564381 32778067 24766887469 0
1787564382 32778226 24766900651 0
1787564384 32778365 24766913735 0
1787564385 32778527 24766926938 0
1787564386 32778678 24766940001 0
1787564387 32778837 24766953075 0
1787564388 32778980 24766965224 0
1787564389 32779142 24766978174 0
1787564390 32779287 24766991289 0
1787564391 32779380 24767004297 0
1787564392 32779392 24767016510 0
