1787564328 32770810 24766248920 0
1787564329 32770920 24766261108 0
1787564330 32771022 24766273366 0
1787564331 32771151 24766285593 0
1787564332 32771291 24766297844 0
1787564333 32771438 24766310108 0
1787564334 32771568 24766322334 0
1787564335 32771692 24766334516 0
1787564336 32771828 24766346688 0
1787564337 32771989 24766358849 0
1787564338 32772142 24766371036 0
1787564339 32772287 24766383330 0
1787564340 32772440 24766395734 0
1787564341 32772580 24766407934 0
1787564342 32772725 24766420112 0
1787564343 32772862 24766432255 0
1787564344 32773002 24766444405 0
1787564345 32773161 24766457020 0
1787564346 32773306 24766469204 0
1787564347 32773448 24766481442 0
1787564348 32773570 24766493616 0
1787564349 32773701 24766505796 0
1787564350 32773836 24766517966 0
1787564351 32773962 24766530080 0
1787564352 32774099 24766542282 0
1787564353 32774248 24766554482 0
1787564354 32774376 24766566616 0
1787564355 32774522 24766578715 0
1787564356 32774671 24766590925 0
1787564357 32774818 24766603127 0
1787564358 32774971 24766615190 0
1787564359 32775115 24766627410 0
1787564361 32775268 24766639651 0
1787564362 32775407 24766651967 0
1787564363 32775533 24766664151 0
1787564364 32775681 24766676399 0
1787564365 32775818 24766688674 0
1787564366 32775950 24766700891 0
1787564367 32776070 24766713202 0
1787564368 32776207 24766725432 0
1787564369 32776334 24766737720 0
1787564370 32776469 24766749862 0
1787564371 32776605 24766762134 0
1787564372 32776751 24766774448 0
1787564373 32776905 24766786839 0
1787564374 32777028 24766799117 0
1787564375 32777163 24766811352 0
1787564376 32777289 24766823623 0
1787564377 32777439 24766835728 0
1787564378 32777584 24766847973 0
1787564379 32777743 24766860213 0
1787564380 32777891 24766872291 0
1787564381 32778035 24766884604 0
1787564382 32778181 24766896975 0
1787564383 32778328 24766909317 0
1787564384 32778460 24766921629 0
1787564385 32778607 24766933872 0
1787564386 32778760 24766946423 0
1787564387 32778907 24766958666 0
1787564388 32779054 24766970877 0
1787564389 32779187 24766982973 0
1787564390 32779335 24766995162 0
1787564391 32779384 24767007509 0
1787564392 32779400 24767019749 0
