1787563535 32684595 24756788283 0
1787563536 32684710 24756800461 0
1787563537 32684820 24756812595 0
1787563538 32684953 24756824790 0
1787563539 32685063 24756836929 0
1787563540 32685191 24756849368 0
1787563541 32685313 24756861526 0
1787563542 32685429 24756873766 0
1787563543 32685568 24756885904 0
1787563544 32685697 24756898179 0
1787563545 32685820 24756910442 0
1787563546 32685961 24756922611 0
1787563547 32686102 24756934789 0
1787563548 32686233 24756947029 0
1787563549 32686371 24756959243 0
1787563550 32686516 24756971395 0
1787563552 32686653 24756983668 0
1787563553 32686789 24756995952 0
1787563554 32686930 24757008056 0
1787563555 32687070 24757020200 0
1787563556 32687186 24757032313 0
1787563557 32687322 24757044538 0
1787563558 32687467 24757056881 0
1787563559 32687591 24757069116 0
1787563560 32687733 24757081328 0
1787563561 32687868 24757093620 0
1787563562 32687991 24757105881 0
1787563563 32688130 24757118065 0
1787563564 32688259 24757130237 0
1787563565 32688394 24757142414 0
1787563566 32688538 24757154511 0
1787563567 32688669 24757166629 0
1787563568 32688813 24757178824 0
1787563569 32688948 24757190998 0
1787563570 32689080 24757203190 0
1787563571 32689190 24757215343 0
1787563572 32689308 24757227452 0
1787563573 32689430 24757239559 0
1787563574 32689569 24757251802 0
1787563575 32689685 24757264024 0
1787563576 32689804 24757276273 0
1787563577 32689925 24757288576 0
1787563578 32690044 24757300657 0
1787563579 32690180 24757312835 0
1787563580 32690293 24757324957 0
1787563581 32690402 24757337054 0
1787563582 32690532 24757349222 0
1787563583 32690640 24757361364 0
1787563584 32690761 24757373625 0
1787563585 32690885 24757385852 0
1787563586 32691008 24757398040 0
1787563587 32691135 24757410273 0
1787563588 32691271 24757422505 0
1787563589 32691397 24757434638 0
1787563590 32691524 24757446824 0
1787563591 32691671 24757459011 0
1787563592 32691791 24757471215 0
1787563593 32691931 24757483465 0
1787563595 32692068 24757495623 0
1787563596 32692197 24757507897 0
1787563597 32692330 24757520138 0
1787563598 32692441 24757532408 0
1787563599 32692522 24757544639 0
