1787565167 32824593 24776288026 0
1787565168 32824711 24776300147 0
1787565169 32824845 24776312466 0
1787565170 32824963 24776324623 0
1787565171 32825097 24776336812 0
1787565172 32825251 24776349024 0
1787565173 32825371 24776361236 0
1787565174 32825492 24776373430 0
1787565175 32825599 24776385672 0
1787565176 32825704 24776397924 0
1787565177 32825829 24776410118 0
1787565178 32825947 24776422297 0
1787565179 32826098 24776434498 0
1787565180 32826248 24776446687 0
1787565181 32826376 24776458872 0
1787565182 32826509 24776471059 0
1787565183 32826654 24776483268 0
1787565184 32826788 24776495452 0
1787565185 32826923 24776507679 0
1787565186 32827081 24776519789 0
1787565187 32827200 24776531977 0
1787565188 32827334 24776544213 0
1787565189 32827463 24776556502 0
1787565190 32827625 24776568643 0
1787565191 32827747 24776580829 0
1787565192 32827878 24776593124 0
1787565193 32827999 24776605304 0
1787565194 32828145 24776617504 0
1787565195 32828274 24776629779 0
1787565197 32828408 24776642057 0
1787565198 32828544 24776654303 0
1787565199 32828685 24776666607 0
1787565200 32828815 24776678794 0
1787565201 32828927 24776691021 0
1787565202 32829063 24776703235 0
1787565203 32829201 24776715355 0
1787565204 32829315 24776727593 0
1787565205 32829457 24776739929 0
1787565206 32829585 24776752284 0
1787565207 32829703 24776764475 0
1787565208 32829831 24776776609 0
1787565209 32829950 24776788796 0
1787565210 32830085 24776800995 0
1787565211 32830215 24776813309 0
1787565212 32830367 24776825530 0
1787565213 32830509 24776837816 0
1787565214 32830649 24776850061 0
1787565215 32830772 24776862268 0
1787565216 32830919 24776874464 0
1787565217 32831062 24776886635 0
1787565218 32831175 24776898799 0
1787565219 32831308 24776911185 0
1787565220 32831448 24776923312 0
1787565221 32831604 24776935481 0
1787565222 32831733 24776947685 0
1787565223 32831856 24776960014 0
1787565224 32831992 24776972518 0
1787565225 32832142 24776984793 0
1787565226 32832286 24776996935 0
1787565227 32832428 24777009114 0
1787565228 32832565 24777021258 0
1787565229 32832718 24777033607 0
1787565230 32832764 24777045811 0
1787565231 32832775 24777057993 0
