1787564328 32770809 24766248842 0
1787564329 32770921 24766261145 0
1787564330 32771024 24766273512 0
1787564331 32771153 24766285783 0
1787564332 32771294 24766297930 0
1787564333 32771438 24766310079 0
1787564334 32771568 24766322308 0
1787564335 32771692 24766334491 0
1787564336 32771831 24766346762 0
1787564337 32771993 24766358972 0
1787564338 32772143 24766371125 0
1787564339 32772287 24766383316 0
1787564340 32772433 24766395562 0
1787564341 32772577 24766407757 0
1787564342 32772724 24766420061 0
1787564343 32772861 24766432180 0
1787564344 32773000 24766444327 0
1787564345 32773158 24766456615 0
1787564346 32773301 24766468827 0
1787564347 32773443 24766481205 0
1787564348 32773563 24766493345 0
1787564349 32773697 24766505487 0
1787564350 32773833 24766517595 0
1787564351 32773959 24766529862 0
1787564352 32774091 24766542084 0
1787564353 32774244 24766554337 0
1787564354 32774374 24766566459 0
1787564355 32774519 24766578549 0
1787564356 32774666 24766590731 0
1787564357 32774811 24766602907 0
1787564358 32774969 24766614965 0
1787564359 32775110 24766627071 0
1787564360 32775261 24766639346 0
1787564362 32775398 24766651567 0
1787564363 32775528 24766663719 0
1787564364 32775674 24766675863 0
1787564365 32775809 24766688016 0
1787564366 32775939 24766700102 0
1787564367 32776057 24766712204 0
1787564368 32776196 24766724498 0
1787564369 32776319 24766736710 0
1787564370 32776453 24766748879 0
1787564371 32776591 24766761079 0
1787564372 32776733 24766773229 0
1787564373 32776884 24766785583 0
1787564374 32777013 24766797837 0
1787564375 32777143 24766810044 0
1787564376 32777274 24766822281 0
1787564377 32777426 24766834490 0
1787564378 32777564 24766846690 0
1787564379 32777723 24766858817 0
1787564380 32777876 24766871029 0
1787564381 32778020 24766883221 0
1787564382 32778164 24766895442 0
1787564383 32778310 24766908094 0
1787564384 32778443 24766920280 0
1787564385 32778590 24766932691 0
1787564386 32778735 24766944833 0
1787564387 32778885 24766957021 0
1787564388 32779037 24766969214 0
1787564389 32779175 24766981374 0
1787564390 32779319 24766993704 0
1787564391 32779382 24767006030 0
1787564392 32779397 24767018226 0
