1787565415 32851344 24779255566 0
1787565416 32851467 24779267765 0
1787565417 32851581 24779279956 0
1787565419 32851704 24779292225 0
1787565420 32851830 24779304572 0
1787565421 32851953 24779316815 0
1787565422 32852081 24779329042 0
1787565423 32852212 24779341254 0
1787565424 32852349 24779353604 0
1787565425 32852472 24779365933 0
1787565426 32852606 24779378228 0
1787565427 32852733 24779390556 0
1787565428 32852858 24779402893 0
1787565429 32852981 24779415240 0
1787565430 32853111 24779427390 0
1787565431 32853228 24779439762 0
1787565432 32853355 24779452121 0
1787565433 32853477 24779464420 0
1787565434 32853602 24779476608 0
1787565435 32853723 24779488726 0
1787565436 32853844 24779500910 0
1787565437 32853982 24779513151 0
1787565438 32854101 24779525348 0
1787565439 32854250 24779537671 0
1787565440 32854460 24779549849 0
1787565441 32854646 24779562040 0
1787565442 32854794 24779574114 0
1787565443 32854947 24779586350 0
1787565444 32855095 24779598528 0
1787565445 32855246 24779610637 0
1787565446 32855387 24779622804 0
1787565447 32855536 24779635180 0
1787565448 32855683 24779647362 0
1787565449 32855834 24779659535 0
1787565450 32855984 24779671784 0
1787565451 32856136 24779684026 0
1787565452 32856291 24779696167 0
1787565453 32856440 24779708341 0
1787565454 32856586 24779720506 0
1787565455 32856733 24779732648 0
1787565456 32856871 24779745053 0
1787565457 32857006 24779757310 0
1787565458 32857148 24779769445 0
1787565460 32857276 24779781625 0
1787565461 32857416 24779793847 0
1787565462 32857531 24779805971 0
1787565463 32857679 24779818203 0
1787565464 32857827 24779830287 0
1787565465 32857988 24779842445 0
1787565466 32858147 24779854730 0
1787565467 32858296 24779866895 0
1787565468 32858436 24779879048 0
1787565469 32858595 24779891275 0
1787565470 32858736 24779903420 0
1787565471 32858892 24779915673 0
1787565472 32859046 24779927968 0
1787565473 32859207 24779940289 0
1787565474 32859365 24779952474 0
1787565475 32859536 24779964913 0
1787565476 32859683 24779977086 0
1787565477 32859844 24779989408 0
1787565478 32860011 24780001638 0
1787565479 32860171 24780013784 0
