1787564230 32759499 24765084943 0
1787564231 32759627 24765097156 0
1787564232 32759736 24765109435 0
1787564233 32759858 24765121587 0
1787564234 32759970 24765133833 0
1787564235 32760095 24765146121 0
1787564236 32760210 24765158425 0
1787564237 32760329 24765170588 0
1787564238 32760456 24765182923 0
1787564239 32760582 24765195204 0
1787564240 32760696 24765207415 0
1787564241 32760814 24765219602 0
1787564243 32760927 24765231873 0
1787564244 32761052 24765244159 0
1787564245 32761167 24765256417 0
1787564246 32761281 24765268594 0
1787564247 32761392 24765280765 0
1787564248 32761516 24765292985 0
1787564249 32761624 24765305240 0
1787564250 32761741 24765317425 0
1787564251 32761858 24765329709 0
1787564252 32762017 24765341864 0
1787564253 32762158 24765354047 0
1787564254 32762304 24765366162 0
1787564255 32762444 24765378303 0
1787564256 32762586 24765390496 0
1787564257 32762744 24765402583 0
1787564258 32762883 24765414805 0
1787564259 32763033 24765426980 0
1787564260 32763195 24765439244 0
1787564261 32763346 24765451398 0
1787564262 32763497 24765463510 0
1787564263 32763641 24765475646 0
1787564264 32763794 24765487962 0
1787564265 32763936 24765500070 0
1787564266 32764091 24765512179 0
1787564267 32764244 24765524365 0
1787564268 32764405 24765536584 0
1787564269 32764552 24765548771 0
1787564270 32764696 24765560999 0
1787564271 32764850 24765573268 0
1787564272 32764982 24765585581 0
1787564273 32765136 24765597721 0
1787564274 32765302 24765609902 0
1787564275 32765447 24765622125 0
1787564276 32765583 24765634360 0
1787564277 32765727 24765646585 0
1787564278 32765850 24765658727 0
1787564279 32766004 24765670936 0
1787564280 32766162 24765683157 0
1787564281 32766292 24765695333 0
1787564282 32766451 24765707640 0
1787564283 32766609 24765719924 0
1787564284 32766733 24765732090 0
1787564285 32766873 24765744273 0
1787564287 32767020 24765756479 0
1787564288 32767174 24765768715 0
1787564289 32767311 24765781005 0
1787564290 32767447 24765793249 0
1787564291 32767589 24765805358 0
1787564292 32767747 24765817674 0
1787564293 32767867 24765829878 0
1787564294 32767995 24765842082 0
