1787568179 32904327 24812373788 0
1787568180 32904465 24812386649 0
1787568181 32904641 24812400064 0
1787568182 32904797 24812413252 0
1787568183 32904942 24812427249 0
1787568184 32905096 24812440488 0
1787568185 32905257 24812454521 0
1787568186 32905387 24812467633 0
1787568188 32905540 24812479872 0
1787568189 32905676 24812492974 0
1787568190 32905788 24812505982 0
1787568191 32905945 24812519018 0
1787568192 32906085 24812532192 0
1787568193 32906224 24812545428 0
1787568194 32906368 24812558517 0
1787568195 32906534 24812571597 0
1787568196 32906697 24812584756 0
1787568197 32906849 24812597858 0
1787568198 32907012 24812611092 0
1787568200 32907182 24812624208 0
1787568201 32907354 24812637359 0
1787568202 32907468 24812650596 0
1787568203 32907494 24812663004 0
1787568204 32907535 24812675296 0
1787568205 32907653 24812687570 0
1787568206 32907812 24812701917 0
1787568207 32908018 24812714768 0
1787568208 32908193 24812727960 0
1787568209 32908379 24812741047 0
1787568210 32908561 24812754279 0
1787568212 32908746 24812767219 0
1787568213 32908938 24812780429 0
1787568214 32909124 24812793582 0
1787568215 32909307 24812806730 0
1787568216 32909480 24812819848 0
1787568217 32909606 24812832072 0
1787568218 32909793 24812844620 0
1787568219 32909997 24812857825 0
1787568220 32910208 24812871053 0
1787568222 32910413 24812885099 0
1787568223 32910668 24812899361 0
1787568224 32910885 24812912291 0
1787568225 32911132 24812925542 0
1787568226 32911375 24812938645 0
1787568227 32911638 24812952829 0
1787568228 32911897 24812966084 0
1787568229 32912130 24812980264 0
1787568231 32912331 24812993403 0
1787568232 32912572 24813006376 0
1787568233 32912835 24813019602 0
1787568234 32913036 24813031956 0
1787568235 32913298 24813044292 0
1787568236 32913550 24813056540 0
1787568237 32913800 24813069641 0
1787568238 32914018 24813081851 0
1787568239 32914257 24813094357 0
1787568240 32914511 24813107456 0
1787568241 32914749 24813120566 0
1787568242 32914987 24813133532 0
1787568243 32915224 24813146503 0
