1787565167 32824593 24776288029 0
1787565168 32824714 24776300223 0
1787565169 32824846 24776312516 0
1787565170 32824964 24776324766 0
1787565171 32825098 24776336845 0
1787565172 32825251 24776349031 0
1787565173 32825373 24776361276 0
1787565174 32825496 24776373608 0
1787565175 32825600 24776385815 0
1787565176 32825714 24776398307 0
1787565177 32825835 24776410532 0
1787565178 32825951 24776422800 0
1787565179 32826111 24776435130 0
1787565180 32826254 24776447257 0
1787565181 32826383 24776459510 0
1787565182 32826519 24776471744 0
1787565183 32826669 24776484066 0
1787565184 32826800 24776496240 0
1787565185 32826930 24776508388 0
1787565186 32827085 24776520513 0
1787565187 32827214 24776532811 0
1787565188 32827347 24776544964 0
1787565189 32827476 24776557097 0
1787565190 32827629 24776569248 0
1787565191 32827760 24776581438 0
1787565192 32827885 24776593691 0
1787565193 32828011 24776605922 0
1787565195 32828148 24776618177 0
1787565196 32828286 24776630471 0
1787565197 32828420 24776642660 0
1787565198 32828550 24776654935 0
1787565199 32828690 24776667218 0
1787565200 32828820 24776679404 0
1787565201 32828935 24776691565 0
1787565202 32829072 24776703886 0
1787565203 32829205 24776716084 0
1787565204 32829324 24776728221 0
1787565205 32829468 24776740611 0
1787565206 32829591 24776752810 0
1787565207 32829709 24776764922 0
1787565208 32829838 24776777079 0
1787565209 32829957 24776789201 0
1787565210 32830092 24776801460 0
1787565211 32830218 24776813659 0
1787565212 32830375 24776825976 0
1787565213 32830515 24776838214 0
1787565214 32830653 24776850451 0
1787565215 32830780 24776862671 0
1787565216 32830927 24776874891 0
1787565217 32831066 24776887132 0
1787565218 32831180 24776899313 0
1787565219 32831311 24776911569 0
1787565220 32831456 24776923923 0
1787565221 32831612 24776936087 0
1787565222 32831737 24776948263 0
1787565223 32831865 24776960543 0
1787565224 32831996 24776972710 0
1787565225 32832143 24776984875 0
1787565226 32832288 24776997013 0
1787565227 32832430 24777009205 0
1787565228 32832569 24777021416 0
1787565229 32832719 24777033683 0
1787565230 32832766 24777045927 0
1787565231 32832776 24777058098 0
