1787568179 32904329 24812373830 0
1787568180 32904457 24812386231 0
1787568181 32904619 24812398728 0
1787568182 32904766 24812411059 0
1787568183 32904908 24812423345 0
1787568184 32905031 24812435696 0
1787568185 32905193 24812447948 0
1787568186 32905332 24812460135 0
1787568187 32905449 24812472419 0
1787568188 32905601 24812484810 0
1787568189 32905709 24812497219 0
1787568190 32905838 24812509565 0
1787568191 32905973 24812521795 0
1787568192 32906098 24812534007 0
1787568193 32906228 24812546275 0
1787568194 32906372 24812558631 0
1787568195 32906527 24812570973 0
1787568196 32906681 24812583449 0
1787568197 32906831 24812595776 0
1787568198 32906981 24812608080 0
1787568199 32907134 24812620365 0
1787568200 32907273 24812632664 0
1787568201 32907431 24812644898 0
1787568202 32907482 24812657278 0
1787568203 32907524 24812669557 0
1787568204 32907562 24812681833 0
1787568205 32907700 24812694050 0
1787568206 32907883 24812706265 0
1787568207 32908071 24812718415 0
1787568208 32908234 24812730660 0
1787568209 32908412 24812742880 0
1787568210 32908575 24812755182 0
1787568212 32908753 24812767417 0
1787568213 32908925 24812779621 0
1787568214 32909093 24812791824 0
1787568215 32909267 24812803996 0
1787568216 32909443 24812816367 0
1787568217 32909562 24812828548 0
1787568218 32909724 24812840843 0
1787568219 32909926 24812853034 0
1787568220 32910112 24812865278 0
1787568221 32910289 24812877441 0
1787568222 32910504 24812889843 0
1787568223 32910718 24812902059 0
1787568224 32910915 24812914279 0
1787568225 32911149 24812926579 0
1787568226 32911382 24812938827 0
1787568227 32911602 24812951056 0
1787568228 32911835 24812963212 0
1787568229 32912052 24812975403 0
1787568230 32912249 24812987594 0
1787568231 32912444 24812999822 0
1787568232 32912678 24813012054 0
1787568233 32912923 24813024325 0
1787568234 32913124 24813036568 0
1787568235 32913395 24813048782 0
1787568236 32913639 24813060980 0
1787568237 32913858 24813073186 0
1787568238 32914090 24813085463 0
1787568239 32914322 24813097642 0
1787568240 32914551 24813110025 0
1787568241 32914783 24813122240 0
1787568242 32915005 24813134626 0
1787568243 32915233 24813146929 0
