1787563615 32692671 24757745605 0
1787563616 32692778 24757757835 0
1787563617 32692886 24757770140 0
1787563618 32693004 24757782352 0
1787563619 32693120 24757794517 0
1787563620 32693217 24757806683 0
1787563621 32693334 24757818833 0
1787563623 32693436 24757831005 0
1787563624 32693557 24757843220 0
1787563625 32693668 24757855509 0
1787563626 32693783 24757867756 0
1787563627 32693886 24757879888 0
1787563628 32694000 24757892114 0
1787563629 32694102 24757904433 0
1787563630 32694217 24757916748 0
1787563631 32694333 24757929059 0
1787563632 32694444 24757941253 0
1787563633 32694563 24757953433 0
1787563634 32694675 24757965684 0
1787563635 32694776 24757977908 0
1787563636 32694891 24757990037 0
1787563637 32695001 24758002315 0
1787563638 32695110 24758014463 0
1787563639 32695231 24758026614 0
1787563640 32695346 24758038836 0
1787563641 32695454 24758051011 0
1787563642 32695564 24758063325 0
1787563643 32695668 24758075600 0
1787563644 32695780 24758087768 0
1787563645 32695894 24758099917 0
1787563646 32696021 24758112182 0
1787563647 32696126 24758124464 0
1787563648 32696235 24758136645 0
1787563649 32696346 24758148789 0
1787563650 32696453 24758161138 0
1787563651 32696570 24758173312 0
1787563652 32696675 24758185738 0
1787563653 32696789 24758198019 0
1787563654 32696920 24758210423 0
1787563655 32697071 24758222648 0
1787563656 32697227 24758234799 0
1787563657 32697355 24758247109 0
1787563658 32697495 24758259374 0
1787563659 32697612 24758271577 0
1787563660 32697758 24758283780 0
1787563661 32697915 24758295961 0
1787563662 32698029 24758308137 0
1787563663 32698168 24758320302 0
1787563664 32698293 24758332392 0
1787563666 32698437 24758344497 0
1787563667 32698577 24758356708 0
1787563668 32698719 24758368930 0
1787563669 32698844 24758381087 0
1787563670 32698988 24758393243 0
1787563671 32699116 24758405502 0
1787563672 32699238 24758417691 0
1787563673 32699355 24758429931 0
1787563674 32699496 24758442133 0
1787563675 32699626 24758454288 0
1787563676 32699770 24758466503 0
1787563677 32699901 24758478696 0
1787563678 32700023 24758490940 0
1787563679 32700138 24758503073 0
