1787563615 32692670 24757745548 0
1787563616 32692778 24757757835 0
1787563617 32692880 24757769967 0
1787563618 32693000 24757782196 0
1787563619 32693117 24757794341 0
1787563620 32693215 24757806500 0
1787563621 32693333 24757818712 0
1787563623 32693432 24757830862 0
1787563624 32693552 24757843061 0
1787563625 32693664 24757855288 0
1787563626 32693780 24757867578 0
1787563627 32693884 24757879733 0
1787563628 32693994 24757891854 0
1787563629 32694098 24757904056 0
1787563630 32694214 24757916282 0
1787563631 32694328 24757928461 0
1787563632 32694435 24757940677 0
1787563633 32694554 24757952948 0
1787563634 32694671 24757965183 0
1787563635 32694772 24757977405 0
1787563636 32694885 24757989707 0
1787563637 32694992 24758001905 0
1787563638 32695108 24758014112 0
1787563639 32695229 24758026288 0
1787563640 32695344 24758038506 0
1787563641 32695449 24758050705 0
1787563642 32695552 24758062833 0
1787563643 32695665 24758075127 0
1787563644 32695778 24758087336 0
1787563645 32695891 24758099503 0
1787563646 32696013 24758111806 0
1787563647 32696118 24758123987 0
1787563648 32696233 24758136284 0
1787563649 32696344 24758148443 0
1787563650 32696444 24758160673 0
1787563651 32696564 24758173006 0
1787563652 32696672 24758185348 0
1787563653 32696784 24758197626 0
1787563654 32696905 24758209749 0
1787563655 32697064 24758221946 0
1787563656 32697220 24758234146 0
1787563657 32697343 24758246341 0
1787563658 32697485 24758258673 0
1787563659 32697608 24758270847 0
1787563660 32697752 24758283244 0
1787563661 32697904 24758295622 0
1787563662 32698027 24758307794 0
1787563663 32698165 24758319955 0
1787563664 32698291 24758332084 0
1787563665 32698431 24758344349 0
1787563667 32698571 24758356507 0
1787563668 32698717 24758368751 0
1787563669 32698842 24758380932 0
1787563670 32698986 24758393193 0
1787563671 32699110 24758405296 0
1787563672 32699235 24758417489 0
1787563673 32699353 24758429704 0
1787563674 32699494 24758442035 0
1787563675 32699626 24758454295 0
1787563676 32699769 24758466463 0
1787563677 32699901 24758478695 0
1787563678 32700026 24758491015 0
1787563679 32700144 24758503240 0
