1787565049 32809683 24774879542 0
1787565050 32809804 24774891751 0
1787565051 32809933 24774904038 0
1787565052 32810038 24774916209 0
1787565053 32810169 24774928378 0
1787565054 32810294 24774940626 0
1787565055 32810421 24774952957 0
1787565056 32810531 24774965120 0
1787565057 32810643 24774977314 0
1787565058 32810757 24774989712 0
1787565059 32810893 24775001959 0
1787565060 32811013 24775014194 0
1787565061 32811117 24775026341 0
1787565062 32811224 24775038489 0
1787565063 32811317 24775050674 0
1787565064 32811412 24775062868 0
1787565065 32811509 24775075261 0
1787565066 32811639 24775087494 0
1787565067 32811768 24775099700 0
1787565068 32811895 24775111923 0
1787565069 32812011 24775124136 0
1787565070 32812122 24775136263 0
1787565071 32812247 24775148514 0
1787565072 32812366 24775160736 0
1787565073 32812490 24775173041 0
1787565074 32812614 24775185208 0
1787565075 32812739 24775197711 0
1787565076 32812860 24775210175 0
1787565078 32812968 24775222545 0
1787565079 32813094 24775234837 0
1787565080 32813200 24775246983 0
1787565081 32813323 24775259172 0
1787565082 32813445 24775271324 0
1787565083 32813564 24775283676 0
1787565084 32813682 24775295932 0
1787565085 32813803 24775308187 0
1787565086 32813918 24775320576 0
1787565087 32814029 24775332866 0
1787565088 32814160 24775345014 0
1787565089 32814270 24775357191 0
1787565090 32814365 24775369380 0
1787565091 32814528 24775381654 0
1787565092 32814680 24775393836 0
1787565093 32814836 24775406168 0
1787565094 32814985 24775418453 0
1787565095 32815128 24775430668 0
1787565096 32815262 24775442912 0
1787565097 32815409 24775455127 0
1787565098 32815563 24775467523 0
1787565099 32815721 24775479885 0
1787565100 32815876 24775492174 0
1787565101 32816036 24775504404 0
1787565102 32816193 24775516702 0
1787565103 32816341 24775528969 0
1787565104 32816500 24775541153 0
1787565105 32816658 24775553383 0
1787565106 32816817 24775565647 0
1787565107 32816979 24775578026 0
1787565108 32817134 24775590198 0
1787565109 32817301 24775602537 0
1787565110 32817462 24775614823 0
1787565111 32817613 24775626936 0
1787565112 32817778 24775639233 0
1787565113 32817930 24775651524 0
