1787564409 32779579 24767213191 0
1787564410 32779704 24767226036 0
1787564411 32779821 24767238164 0
1787564412 32779936 24767251249 0
1787564413 32780060 24767264329 0
1787564414 32780169 24767276459 0
1787564415 32780295 24767289418 0
1787564416 32780419 24767301587 0
1787564417 32780554 24767313754 0
1787564418 32780677 24767326778 0
1787564419 32780803 24767340827 0
1787564420 32780924 24767353094 0
1787564421 32781064 24767366170 0
1787564422 32781186 24767379171 0
1787564423 32781315 24767391445 0
1787564425 32781436 24767404347 0
1787564426 32781563 24767416507 0
1787564427 32781685 24767429533 0
1787564428 32781818 24767441678 0
1787564429 32781931 24767454682 0
1787564430 32782064 24767467704 0
1787564431 32782193 24767480882 0
1787564432 32782319 24767493161 0
1787564433 32782445 24767506197 0
1787564434 32782584 24767519349 0
1787564435 32782712 24767532298 0
1787564436 32782852 24767545373 0
1787564437 32782974 24767557616 0
1787564438 32783106 24767570594 0
1787564440 32783224 24767583670 0
1787564441 32783356 24767596826 0
1787564442 32783488 24767610006 0
1787564443 32783609 24767623196 0
1787564444 32783724 24767635345 0
1787564445 32783846 24767648384 0
1787564446 32783974 24767661658 0
1787564447 32784125 24767674456 0
1787564448 32784293 24767686690 0
1787564449 32784448 24767699654 0
1787564450 32784612 24767712794 0
1787564452 32784776 24767726000 0
1787564453 32784951 24767740030 0
1787564454 32785109 24767752157 0
1787564455 32785288 24767766208 0
1787564456 32785453 24767779388 0
1787564457 32785622 24767792485 0
1787564458 32785774 24767805707 0
1787564459 32785944 24767818748 0
1787564460 32786104 24767831920 0
1787564461 32786259 24767844883 0
1787564463 32786422 24767858074 0
1787564464 32786572 24767871062 0
1787564465 32786759 24767885326 0
1787564466 32786935 24767898563 0
1787564467 32787083 24767911576 0
1787564468 32787252 24767924759 0
1787564469 32787418 24767937810 0
1787564470 32787571 24767950987 0
1787564471 32787729 24767964137 0
1787564473 32787887 24767977300 0
