1787565049 32809683 24774879552 0
1787565050 32809804 24774891749 0
1787565051 32809931 24774903983 0
1787565052 32810038 24774916149 0
1787565053 32810177 24774928587 0
1787565054 32810298 24774940858 0
1787565055 32810421 24774953013 0
1787565056 32810532 24774965197 0
1787565057 32810646 24774977458 0
1787565058 32810757 24774989709 0
1787565059 32810894 24775002004 0
1787565060 32811013 24775014228 0
1787565061 32811117 24775026365 0
1787565062 32811226 24775038556 0
1787565063 32811318 24775050782 0
1787565064 32811412 24775063072 0
1787565065 32811509 24775075239 0
1787565066 32811639 24775087491 0
1787565067 32811769 24775099739 0
1787565068 32811895 24775111923 0
1787565069 32812011 24775124132 0
1787565070 32812123 24775136305 0
1787565071 32812246 24775148500 0
1787565072 32812368 24775160791 0
1787565073 32812489 24775172995 0
1787565074 32812612 24775185153 0
1787565075 32812730 24775197431 0
1787565076 32812853 24775209729 0
1787565077 32812963 24775222036 0
1787565078 32813080 24775234204 0
1787565080 32813192 24775246443 0
1787565081 32813321 24775258754 0
1787565082 32813442 24775270927 0
1787565083 32813555 24775283244 0
1787565084 32813679 24775295548 0
1787565085 32813801 24775307765 0
1787565086 32813911 24775320043 0
1787565087 32814018 24775332183 0
1787565088 32814147 24775344424 0
1787565089 32814268 24775356670 0
1787565090 32814361 24775369154 0
1787565091 32814521 24775381449 0
1787565092 32814674 24775393669 0
1787565093 32814830 24775405886 0
1787565094 32814977 24775418175 0
1787565095 32815122 24775430519 0
1787565096 32815261 24775442840 0
1787565097 32815407 24775455028 0
1787565098 32815560 24775467419 0
1787565099 32815720 24775479786 0
1787565100 32815873 24775492071 0
1787565101 32816038 24775504461 0
1787565102 32816193 24775516690 0
1787565103 32816341 24775528938 0
1787565104 32816499 24775541093 0
1787565105 32816658 24775553419 0
1787565106 32816818 24775565744 0
1787565107 32816978 24775578014 0
1787565108 32817133 24775590185 0
1787565109 32817300 24775602452 0
1787565110 32817462 24775614826 0
1787565111 32817615 24775626977 0
1787565112 32817778 24775639236 0
1787565113 32817929 24775651457 0
