1787564148 32750011 24764098322 0
1787564149 32750112 24764110484 0
1787564150 32750227 24764122785 0
1787564151 32750323 24764134972 0
1787564152 32750426 24764147161 0
1787564153 32750534 24764159338 0
1787564154 32750677 24764171583 0
1787564155 32750831 24764183795 0
1787564156 32750973 24764195953 0
1787564157 32751120 24764208096 0
1787564158 32751246 24764220199 0
1787564159 32751359 24764232346 0
1787564160 32751505 24764244638 0
1787564161 32751643 24764256764 0
1787564162 32751789 24764268962 0
1787564163 32751926 24764281218 0
1787564164 32752064 24764293398 0
1787564165 32752206 24764305592 0
1787564166 32752356 24764317718 0
1787564167 32752512 24764329832 0
1787564168 32752674 24764341973 0
1787564169 32752848 24764354253 0
1787564170 32753006 24764366490 0
1787564171 32753148 24764378752 0
1787564172 32753288 24764390915 0
1787564173 32753430 24764403182 0
1787564174 32753554 24764415335 0
1787564175 32753709 24764427535 0
1787564176 32753850 24764439672 0
1787564177 32754003 24764451789 0
1787564178 32754161 24764463899 0
1787564179 32754318 24764476137 0
1787564180 32754476 24764488358 0
1787564181 32754631 24764500523 0
1787564182 32754782 24764512699 0
1787564183 32754944 24764524873 0
1787564184 32755073 24764537021 0
1787564185 32755233 24764549207 0
1787564186 32755385 24764561404 0
1787564187 32755537 24764573583 0
1787564188 32755678 24764585889 0
1787564189 32755818 24764598147 0
1787564191 32755967 24764610378 0
1787564192 32756116 24764622733 0
1787564193 32756263 24764634854 0
1787564194 32756403 24764646965 0
1787564195 32756544 24764659096 0
1787564196 32756699 24764671313 0
1787564197 32756856 24764683502 0
1787564198 32756993 24764695686 0
1787564199 32757136 24764707925 0
1787564200 32757287 24764720115 0
1787564201 32757438 24764732353 0
1787564202 32757587 24764744641 0
1787564203 32757730 24764756903 0
1787564204 32757872 24764769191 0
1787564205 32758010 24764781383 0
1787564206 32758156 24764793877 0
1787564207 32758307 24764806226 0
1787564208 32758463 24764818452 0
1787564209 32758600 24764830575 0
1787564210 32758753 24764842721 0
1787564211 32758919 24764854866 0
1787564212 32759077 24764867087 0
