1787563905 32724794 24761208189 0
1787563907 32724912 24761220442 0
1787563908 32725041 24761232721 0
1787563909 32725157 24761245043 0
1787563910 32725279 24761257372 0
1787563911 32725404 24761269530 0
1787563912 32725560 24761281827 0
1787563913 32725698 24761294058 0
1787563914 32725848 24761306182 0
1787563915 32725986 24761318278 0
1787563916 32726147 24761330502 0
1787563917 32726296 24761342754 0
1787563918 32726436 24761354878 0
1787563919 32726552 24761367128 0
1787563920 32726704 24761379294 0
1787563921 32726837 24761391458 0
1787563922 32726980 24761403628 0
1787563923 32727124 24761415838 0
1787563924 32727284 24761428086 0
1787563925 32727455 24761440327 0
1787563926 32727604 24761452437 0
1787563927 32727751 24761464594 0
1787563928 32727915 24761476735 0
1787563929 32728067 24761489010 0
1787563930 32728216 24761501167 0
1787563931 32728351 24761513399 0
1787563932 32728483 24761525581 0
1787563933 32728615 24761537808 0
1787563934 32728757 24761549973 0
1787563935 32728884 24761562164 0
1787563936 32729019 24761574358 0
1787563937 32729161 24761586537 0
1787563938 32729320 24761598766 0
1787563939 32729463 24761610957 0
1787563940 32729597 24761623107 0
1787563941 32729743 24761635329 0
1787563942 32729881 24761647634 0
1787563943 32730018 24761659892 0
1787563944 32730163 24761672101 0
1787563945 32730309 24761684324 0
1787563946 32730453 24761696532 0
1787563947 32730587 24761708661 0
1787563948 32730731 24761720860 0
1787563950 32730859 24761733012 0
1787563951 32731007 24761745263 0
1787563952 32731152 24761757533 0
1787563953 32731286 24761769723 0
1787563954 32731434 24761781906 0
1787563955 32731591 24761794211 0
1787563956 32731724 24761806550 0
1787563957 32731851 24761818782 0
1787563958 32731994 24761830995 0
1787563959 32732144 24761843221 0
1787563960 32732279 24761855428 0
1787563961 32732428 24761867683 0
1787563962 32732575 24761879976 0
1787563963 32732735 24761892187 0
1787563964 32732865 24761904507 0
1787563965 32732997 24761916764 0
1787563966 32733134 24761929012 0
1787563967 32733281 24761941286 0
1787563968 32733427 24761953592 0
1787563969 32733579 24761965802 0
