1787564148 32750011 24764098322 0
1787564149 32750115 24764110598 0
1787564150 32750229 24764123715 0
1787564151 32750333 24764136919 0
1787564152 32750446 24764150079 0
1787564153 32750563 24764162244 0
1787564154 32750710 24764175107 0
1787564155 32750877 24764188318 0
1787564156 32751048 24764202639 0
1787564157 32751195 24764215794 0
1787564159 32751333 24764228928 0
1787564160 32751474 24764242127 0
1787564161 32751627 24764255046 0
1787564162 32751778 24764268262 0
1787564163 32751930 24764281305 0
1787564164 32752076 24764294305 0
1787564165 32752237 24764307658 0
1787564166 32752386 24764320675 0
1787564167 32752558 24764332974 0
1787564168 32752722 24764345240 0
1787564169 32752891 24764357801 0
1787564170 32753036 24764369921 0
1787564171 32753194 24764382564 0
1787564173 32753363 24764396888 0
1787564174 32753496 24764410137 0
1787564175 32753670 24764424285 0
1787564176 32753821 24764437413 0
1787564177 32753985 24764450548 0
1787564178 32754154 24764463634 0
1787564179 32754313 24764475857 0
1787564180 32754500 24764489949 0
1787564182 32754671 24764503102 0
1787564183 32754827 24764516267 0
1787564184 32754993 24764529263 0
1787564185 32755138 24764542360 0
1787564186 32755297 24764554469 0
1787564187 32755457 24764566658 0
1787564188 32755598 24764578876 0
1787564189 32755725 24764591194 0
1787564190 32755889 24764604218 0
1787564191 32756049 24764616443 0
1787564192 32756222 24764630503 0
1787564193 32756369 24764643731 0
1787564194 32756519 24764655848 0
1787564196 32756683 24764669921 0
1787564197 32756850 24764683085 0
1787564198 32757011 24764697166 0
1787564199 32757158 24764709347 0
1787564200 32757330 24764723466 0
1787564201 32757491 24764736635 0
1787564202 32757648 24764749664 0
1787564203 32757808 24764762935 0
1787564204 32757955 24764775981 0
1787564206 32758108 24764789051 0
1787564207 32758260 24764802151 0
1787564208 32758425 24764815358 0
1787564209 32758570 24764828393 0
1787564210 32758724 24764840524 0
1787564211 32758897 24764853525 0
1787564212 32759069 24764866640 0
