1787564523 32792904 24768581830 0
1787564524 32793031 24768594097 0
1787564525 32793149 24768606283 0
1787564526 32793278 24768618497 0
1787564527 32793401 24768630766 0
1787564528 32793521 24768643048 0
1787564529 32793669 24768655347 0
1787564530 32793817 24768667617 0
1787564531 32793979 24768679808 0
1787564532 32794159 24768692051 0
1787564533 32794341 24768704320 0
1787564534 32794483 24768716545 0
1787564535 32794625 24768728776 0
1787564537 32794777 24768741145 0
1787564538 32794926 24768753346 0
1787564539 32795081 24768765564 0
1787564540 32795216 24768777822 0
1787564541 32795365 24768789959 0
1787564542 32795506 24768802251 0
1787564543 32795661 24768814364 0
1787564544 32795808 24768826750 0
1787564545 32795961 24768838929 0
1787564546 32796103 24768851118 0
1787564547 32796253 24768863412 0
1787564548 32796394 24768875573 0
1787564549 32796524 24768887930 0
1787564550 32796675 24768900210 0
1787564551 32796808 24768912464 0
1787564552 32796962 24768924817 0
1787564553 32797097 24768937046 0
1787564554 32797250 24768949345 0
1787564555 32797387 24768961758 0
1787564556 32797544 24768974098 0
1787564557 32797685 24768986487 0
1787564558 32797850 24768998694 0
1787564559 32797989 24769010832 0
1787564560 32798145 24769023101 0
1787564561 32798261 24769035271 0
1787564562 32798419 24769047439 0
1787564563 32798568 24769059628 0
1787564564 32798776 24769071850 0
1787564565 32798942 24769084073 0
1787564566 32799087 24769096366 0
1787564567 32799234 24769108585 0
1787564568 32799390 24769120813 0
1787564569 32799537 24769133053 0
1787564570 32799702 24769145295 0
1787564571 32799851 24769157519 0
1787564572 32799986 24769169640 0
1787564573 32800136 24769181934 0
1787564574 32800285 24769194038 0
1787564576 32800433 24769206213 0
1787564577 32800563 24769218508 0
1787564578 32800704 24769230750 0
1787564579 32800838 24769242920 0
1787564580 32800986 24769255054 0
1787564581 32801130 24769267438 0
1787564582 32801256 24769279572 0
1787564583 32801402 24769291751 0
1787564584 32801546 24769303949 0
1787564585 32801690 24769316204 0
1787564586 32801824 24769328363 0
1787564587 32801979 24769340581 0
