1787564523 32792904 24768581826 0
1787564524 32793035 24768594282 0
1787564525 32793156 24768606515 0
1787564526 32793290 24768619554 0
1787564527 32793423 24768632648 0
1787564529 32793560 24768645788 0
1787564530 32793717 24768658993 0
1787564531 32793875 24768672077 0
1787564532 32794050 24768685095 0
1787564533 32794257 24768698303 0
1787564534 32794423 24768711426 0
1787564535 32794574 24768724559 0
1787564536 32794731 24768737661 0
1787564537 32794891 24768750744 0
1787564538 32795060 24768763906 0
1787564540 32795204 24768777050 0
1787564541 32795365 24768789950 0
1787564542 32795523 24768803232 0
1787564543 32795683 24768816266 0
1787564544 32795843 24768829322 0
1787564545 32796006 24768842579 0
1787564546 32796151 24768854792 0
1787564547 32796299 24768867432 0
1787564548 32796447 24768880541 0
1787564549 32796593 24768893771 0
1787564550 32796739 24768906758 0
1787564552 32796899 24768920048 0
1787564553 32797043 24768933137 0
1787564554 32797211 24768946149 0
1787564555 32797354 24768959397 0
1787564556 32797520 24768972504 0
1787564557 32797672 24768985518 0
1787564558 32797831 24768997794 0
1787564559 32797984 24769010585 0
1787564560 32798156 24769023716 0
1787564561 32798281 24769036838 0
1787564562 32798440 24769049920 0
1787564563 32798611 24769062080 0
1787564565 32798818 24769074913 0
1787564566 32798990 24769088016 0
1787564567 32799155 24769101265 0
1787564568 32799300 24769114429 0
1787564569 32799465 24769127411 0
1787564570 32799640 24769140558 0
1787564571 32799792 24769152700 0
1787564572 32799951 24769166750 0
1787564573 32800111 24769179828 0
1787564574 32800269 24769193059 0
1787564576 32800430 24769206099 0
1787564577 32800575 24769219272 0
1787564578 32800718 24769232381 0
1787564579 32800848 24769244466 0
1787564580 32801002 24769256635 0
1787564581 32801139 24769268747 0
1787564582 32801279 24769281133 0
1787564583 32801435 24769294419 0
1787564584 32801598 24769307579 0
1787564585 32801745 24769321665 0
1787564586 32801905 24769334706 0
1787564587 32802071 24769347877 0
