1787564523 32792904 24768581825 0
1787564524 32793030 24768594077 0
1787564525 32793151 24768606358 0
1787564526 32793283 24768618697 0
1787564527 32793405 24768630955 0
1787564528 32793524 24768643229 0
1787564529 32793669 24768655355 0
1787564530 32793816 24768667566 0
1787564531 32793974 24768679691 0
1787564532 32794157 24768691943 0
1787564533 32794342 24768704343 0
1787564534 32794483 24768716520 0
1787564535 32794624 24768728719 0
1787564536 32794776 24768741056 0
1787564538 32794923 24768753311 0
1787564539 32795079 24768765470 0
1787564540 32795214 24768777641 0
1787564541 32795362 24768789787 0
1787564542 32795500 24768801930 0
1787564543 32795654 24768814086 0
1787564544 32795799 24768826324 0
1787564545 32795958 24768838685 0
1787564546 32796098 24768850809 0
1787564547 32796246 24768862946 0
1787564548 32796389 24768875132 0
1787564549 32796517 24768887418 0
1787564550 32796664 24768899600 0
1787564551 32796800 24768911794 0
1787564552 32796953 24768924054 0
1787564553 32797086 24768936246 0
1787564554 32797237 24768948436 0
1787564555 32797372 24768960602 0
1787564556 32797529 24768972988 0
1787564557 32797667 24768985241 0
1787564558 32797823 24768997385 0
1787564559 32797966 24769009530 0
1787564560 32798126 24769021738 0
1787564561 32798249 24769033962 0
1787564562 32798401 24769046180 0
1787564563 32798555 24769058473 0
1787564564 32798755 24769070757 0
1787564565 32798926 24769083022 0
1787564566 32799076 24769095382 0
1787564567 32799225 24769107657 0
1787564568 32799377 24769119896 0
1787564569 32799519 24769132012 0
1787564570 32799691 24769144194 0
1787564571 32799837 24769156441 0
1787564572 32799974 24769168661 0
1787564573 32800125 24769181059 0
1787564574 32800272 24769193200 0
1787564575 32800427 24769205322 0
1787564576 32800553 24769217442 0
1787564578 32800683 24769229688 0
1787564579 32800827 24769242073 0
1787564580 32800981 24769254214 0
1787564581 32801107 24769266365 0
1787564582 32801240 24769278480 0
1787564583 32801384 24769290617 0
1787564584 32801530 24769302837 0
1787564585 32801676 24769315000 0
1787564586 32801808 24769327325 0
1787564587 32801961 24769339456 0
