1787563905 32724794 24761208187 0
1787563907 32724910 24761220335 0
1787563908 32725039 24761232555 0
1787563909 32725164 24761245568 0
1787563910 32725294 24761258592 0
1787563911 32725441 24761271763 0
1787563912 32725597 24761284861 0
1787563913 32725739 24761297905 0
1787563914 32725920 24761311093 0
1787563915 32726056 24761324196 0
1787563916 32726213 24761337232 0
1787563917 32726392 24761350451 0
1787563919 32726516 24761363507 0
1787563920 32726676 24761376642 0
1787563921 32726820 24761389691 0
1787563922 32726964 24761401877 0
1787563923 32727113 24761414790 0
1787563924 32727281 24761427966 0
1787563925 32727466 24761441046 0
1787563926 32727624 24761454086 0
1787563927 32727791 24761467300 0
1787563928 32727967 24761480429 0
1787563930 32728139 24761494607 0
1787563931 32728291 24761507647 0
1787563932 32728431 24761520909 0
1787563933 32728575 24761533961 0
1787563934 32728721 24761547121 0
1787563935 32728868 24761560151 0
1787563936 32729009 24761573180 0
1787563937 32729152 24761585370 0
1787563938 32729317 24761598536 0
1787563939 32729472 24761611558 0
1787563941 32729624 24761624728 0
1787563942 32729777 24761637823 0
1787563943 32729923 24761650774 0
1787563944 32730073 24761663834 0
1787563945 32730229 24761676961 0
1787563946 32730383 24761691238 0
1787563947 32730544 24761704267 0
1787563948 32730704 24761717456 0
1787563949 32730840 24761730605 0
1787563950 32730990 24761743728 0
1787563952 32731147 24761756869 0
1787563953 32731291 24761769953 0
1787563954 32731449 24761783040 0
1787563955 32731618 24761796187 0
1787563956 32731751 24761809292 0
1787563957 32731900 24761822439 0
1787563958 32732058 24761835534 0
1787563959 32732219 24761848677 0
1787563960 32732363 24761861731 0
1787563961 32732518 24761874907 0
1787563962 32732667 24761887041 0
1787563964 32732814 24761900087 0
1787563965 32732966 24761913149 0
1787563966 32733099 24761926381 0
1787563967 32733261 24761939296 0
1787563968 32733410 24761952385 0
1787563969 32733575 24761965596 0
