1787570929 33242940 24844525491 0
1787570930 33243165 24844536654 0
1787570931 33243368 24844547811 0
1787570932 33243556 24844558758 0
1787570933 33243733 24844569590 0
1787570934 33243927 24844580536 0
1787570935 33244123 24844591641 0
1787570936 33244325 24844602467 0
1787570937 33244490 24844613363 0
1787570938 33244671 24844624112 0
1787570939 33244843 24844634990 0
1787570940 33245043 24844645784 0
1787570941 33245272 24844656324 0
1787570942 33245462 24844667004 0
1787570943 33245652 24844677527 0
1787570944 33245798 24844688076 0
1787570945 33246003 24844698624 0
1787570946 33246165 24844709301 0
1787570947 33246368 24844720083 0
1787570948 33246560 24844730761 0
1787570949 33246743 24844741478 0
1787570950 33246927 24844752302 0
1787570951 33247114 24844762787 0
1787570952 33247306 24844773301 0
1787570953 33247487 24844783626 0
1787570954 33247678 24844794310 0
1787570955 33247860 24844804890 0
1787570956 33248047 24844815379 0
1787570957 33248281 24844825590 0
1787570958 33248528 24844835903 0
1787570959 33248751 24844846161 0
1787570960 33248966 24844856511 0
1787570961 33249190 24844866768 0
1787570962 33249429 24844876713 0
1787570963 33249659 24844886591 0
1787570964 33249892 24844896746 0
1787570966 33250102 24844907120 0
1787570967 33250336 24844917683 0
1787570968 33250548 24844928102 0
1787570969 33250815 24844938546 0
1787570970 33251037 24844948888 0
1787570971 33251279 24844959306 0
1787570972 33251578 24844969524 0
1787570973 33251850 24844979843 0
1787570974 33252083 24844990177 0
1787570975 33252255 24845000534 0
1787570976 33252455 24845011004 0
1787570977 33252685 24845021623 0
1787570978 33252914 24845031933 0
1787570979 33253103 24845042214 0
1787570980 33253317 24845052671 0
1787570981 33253505 24845063000 0
1787570982 33253714 24845073105 0
1787570983 33253898 24845083400 0
1787570984 33254115 24845094142 0
1787570985 33254305 24845104527 0
1787570986 33254516 24845115111 0
1787570987 33254722 24845125532 0
1787570988 33254980 24845135477 0
1787570989 33255178 24845145792 0
1787570990 33255350 24845156278 0
1787570991 33255470 24845166958 0
1787570992 33255570 24845177837 0
