1787571171 33281756 24847145360 0
1787571172 33282055 24847157454 0
1787571173 33282324 24847169426 0
1787571174 33282654 24847182112 0
1787571175 33282956 24847194116 0
1787571176 33283243 24847206193 0
1787571177 33283422 24847218209 0
1787571178 33283584 24847230186 0
1787571179 33283761 24847242254 0
1787571180 33283891 24847254037 0
1787571181 33284044 24847265763 0
1787571182 33284161 24847277713 0
1787571183 33284332 24847289419 0
1787571184 33284484 24847301275 0
1787571185 33284633 24847313020 0
1787571186 33284767 24847324948 0
1787571187 33284906 24847336741 0
1787571188 33285107 24847348603 0
1787571189 33285256 24847360463 0
1787571190 33285389 24847372021 0
1787571191 33285526 24847383889 0
1787571192 33285656 24847395896 0
1787571193 33285794 24847407920 0
1787571194 33285930 24847420025 0
1787571195 33286071 24847432082 0
1787571196 33286240 24847444045 0
1787571197 33286368 24847455980 0
1787571198 33286552 24847468067 0
1787571199 33286703 24847479957 0
1787571200 33286902 24847491831 0
1787571201 33287050 24847503806 0
1787571202 33287242 24847515835 0
1787571203 33287411 24847527868 0
1787571205 33287580 24847539867 0
1787571206 33287757 24847551814 0
1787571207 33287947 24847563789 0
1787571208 33288115 24847575765 0
1787571209 33288247 24847587761 0
1787571210 33288406 24847599624 0
1787571211 33288533 24847611626 0
1787571212 33288659 24847623652 0
1787571213 33288803 24847635577 0
1787571214 33288954 24847647407 0
1787571215 33289166 24847659286 0
1787571216 33289356 24847671150 0
1787571217 33289522 24847683114 0
1787571218 33289712 24847695148 0
1787571219 33289910 24847707070 0
1787571220 33290106 24847718816 0
1787571221 33290288 24847730487 0
1787571222 33290526 24847742303 0
1787571223 33290715 24847754284 0
1787571224 33290935 24847766484 0
1787571225 33291079 24847778574 0
1787571226 33291261 24847790370 0
1787571227 33291418 24847802274 0
1787571228 33291581 24847814265 0
1787571229 33291735 24847826297 0
1787571230 33291955 24847838274 0
1787571231 33292156 24847850506 0
1787571232 33292324 24847862659 0
1787571233 33292504 24847874571 0
1787571234 33292722 24847886451 0
1787571235 33292939 24847898443 0
