1787568713 32990033 24818735332 0
1787568714 32990287 24818748069 0
1787568715 32990556 24818760253 0
1787568716 32990800 24818773122 0
1787568717 32991034 24818785361 0
1787568718 32991253 24818798081 0
1787568719 32991484 24818811126 0
1787568720 32991654 24818823299 0
1787568721 32991861 24818835452 0
1787568722 32992051 24818847550 0
1787568724 32992232 24818859914 0
1787568725 32992397 24818872173 0
1787568726 32992548 24818884385 0
1787568727 32992703 24818896605 0
1787568728 32992834 24818908752 0
1787568729 32992967 24818921038 0
1787568730 32993107 24818933346 0
1787568731 32993267 24818945573 0
1787568732 32993449 24818957885 0
1787568733 32993620 24818970121 0
1787568734 32993766 24818982323 0
1787568735 32993941 24818994621 0
1787568736 32994081 24819006863 0
1787568737 32994240 24819019071 0
1787568738 32994381 24819031291 0
1787568739 32994522 24819043561 0
1787568740 32994685 24819055951 0
1787568741 32994838 24819068255 0
1787568742 32995021 24819080585 0
1787568743 32995229 24819092889 0
1787568744 32995390 24819105096 0
1787568745 32995522 24819117281 0
1787568746 32995633 24819129523 0
1787568747 32995785 24819141773 0
1787568748 32995919 24819154033 0
1787568749 32996098 24819166307 0
1787568750 32996294 24819178620 0
1787568751 32996469 24819190858 0
1787568752 32996640 24819203130 0
1787568753 32996785 24819215312 0
1787568754 32996952 24819227612 0
1787568755 32997068 24819239864 0
1787568756 32997214 24819252124 0
1787568757 32997353 24819264329 0
1787568758 32997489 24819276533 0
1787568760 32997655 24819288695 0
1787568761 32997835 24819300986 0
1787568762 32998010 24819313318 0
