1787568713 32990034 24818735404 0
1787568714 32990274 24818747581 0
1787568715 32990560 24818760355 0
1787568716 32990781 24818772526 0
1787568717 32991028 24818785191 0
1787568718 32991241 24818797420 0
1787568719 32991489 24818811386 0
1787568721 32991665 24818823766 0
1787568722 32991879 24818836481 0
1787568723 32992082 24818848782 0
1787568724 32992272 24818861484 0
1787568725 32992412 24818873709 0
1787568726 32992565 24818885992 0
1787568727 32992715 24818898149 0
1787568728 32992846 24818910394 0
1787568729 32992986 24818922601 0
1787568730 32993132 24818934903 0
1787568731 32993297 24818947292 0
1787568732 32993467 24818959628 0
1787568733 32993643 24818971910 0
1787568734 32993803 24818984236 0
1787568735 32993966 24818996623 0
1787568736 32994107 24819008872 0
1787568737 32994263 24819021001 0
1787568738 32994405 24819033370 0
1787568739 32994547 24819045609 0
1787568740 32994701 24819057785 0
1787568741 32994870 24819070112 0
1787568742 32995056 24819082275 0
1787568743 32995251 24819094446 0
1787568744 32995414 24819106614 0
1787568745 32995541 24819118823 0
1787568746 32995645 24819131009 0
1787568747 32995810 24819143193 0
1787568748 32995934 24819155527 0
1787568749 32996112 24819167846 0
1787568750 32996306 24819180007 0
1787568751 32996507 24819192540 0
1787568752 32996675 24819204884 0
1787568754 32996817 24819217407 0
1787568755 32996969 24819229714 0
1787568756 32997123 24819242599 0
1787568757 32997246 24819254787 0
1787568758 32997406 24819266971 0
1787568759 32997537 24819279128 0
1787568760 32997693 24819291435 0
1787568761 32997865 24819303668 0
1787568762 32998038 24819316054 0
