1787568297 32923291 24813786283 0
1787568298 32923490 24813798491 0
1787568299 32923626 24813810672 0
1787568300 32923735 24813822918 0
1787568301 32923851 24813835201 0
1787568302 32923968 24813847579 0
1787568303 32924083 24813859975 0
1787568304 32924202 24813872326 0
1787568305 32924321 24813884572 0
1787568306 32924464 24813896795 0
1787568307 32924598 24813908932 0
1787568308 32924701 24813921504 0
1787568310 32924837 24813933879 0
1787568311 32924950 24813946005 0
1787568312 32925008 24813958237 0
1787568313 32925080 24813970637 0
1787568314 32925169 24813983013 0
1787568315 32925264 24813995307 0
1787568316 32925357 24814007515 0
1787568317 32925451 24814019793 0
1787568318 32925566 24814032116 0
1787568319 32925685 24814044470 0
1787568320 32925817 24814056822 0
1787568321 32925987 24814069089 0
1787568322 32926153 24814081317 0
1787568323 32926351 24814093639 0
1787568324 32926507 24814105922 0
1787568325 32926672 24814118262 0
1787568326 32926808 24814130614 0
1787568327 32926960 24814142929 0
1787568328 32927151 24814155176 0
1787568329 32927331 24814167478 0
1787568330 32927481 24814179876 0
1787568331 32927644 24814192261 0
1787568332 32927825 24814204710 0
1787568333 32927960 24814217072 0
1787568334 32928088 24814229524 0
1787568335 32928246 24814241850 0
1787568336 32928477 24814254143 0
1787568337 32928642 24814266501 0
1787568338 32928792 24814278938 0
1787568339 32928934 24814291291 0
1787568340 32929083 24814303738 0
1787568342 32929234 24814316163 0
1787568343 32929396 24814328517 0
1787568344 32929535 24814340773 0
1787568345 32929699 24814353106 0
1787568346 32929847 24814365484 0
1787568347 32930000 24814377687 0
1787568348 32930149 24814389985 0
1787568349 32930297 24814402272 0
1787568350 32930418 24814414518 0
1787568351 32930556 24814426786 0
1787568352 32930689 24814439043 0
1787568353 32930814 24814451335 0
1787568354 32930946 24814463631 0
1787568355 32931087 24814475949 0
1787568356 32931221 24814488306 0
1787568357 32931383 24814500694 0
1787568358 32931590 24814512871 0
1787568359 32931813 24814525122 0
1787568360 32932011 24814537315 0
1787568361 32932268 24814549508 0
