1787571339 33309157 24849117157 0
1787571340 33309290 24849129449 0
1787571341 33309443 24849141740 0
1787571342 33309552 24849153874 0
1787571343 33309672 24849166273 0
1787571344 33309786 24849178555 0
1787571345 33309900 24849190738 0
1787571346 33310033 24849202995 0
1787571347 33310139 24849215229 0
1787571348 33310264 24849227427 0
1787571349 33310378 24849239622 0
1787571350 33310510 24849251891 0
1787571352 33310637 24849264163 0
1787571353 33310745 24849276369 0
1787571354 33310867 24849288593 0
1787571355 33310972 24849300670 0
1787571356 33311110 24849312984 0
1787571357 33311231 24849325166 0
1787571358 33311383 24849337301 0
1787571359 33311528 24849349489 0
1787571360 33311653 24849361807 0
1787571361 33311765 24849373928 0
1787571362 33311857 24849386057 0
1787571363 33311996 24849398313 0
1787571364 33312194 24849410523 0
1787571365 33312394 24849422466 0
1787571366 33312593 24849434189 0
1787571367 33312827 24849445774 0
1787571368 33313075 24849457667 0
1787571369 33313321 24849469614 0
1787571370 33313502 24849481390 0
1787571371 33313682 24849493056 0
1787571372 33313890 24849504859 0
1787571373 33314082 24849516555 0
1787571374 33314280 24849528398 0
1787571375 33314499 24849540325 0
1787571376 33314762 24849552249 0
1787571377 33314984 24849564045 0
1787571378 33315231 24849575847 0
1787571379 33315404 24849587948 0
1787571380 33315588 24849599901 0
1787571381 33315769 24849611830 0
1787571382 33315938 24849623804 0
1787571383 33316148 24849635752 0
1787571384 33316334 24849647473 0
1787571385 33316508 24849659052 0
1787571386 33316667 24849670725 0
1787571387 33316840 24849682410 0
1787571388 33316949 24849694114 0
1787571389 33317093 24849706017 0
1787571391 33317249 24849717963 0
1787571392 33317399 24849729740 0
1787571393 33317613 24849741404 0
1787571394 33317867 24849752947 0
1787571395 33318048 24849764719 0
1787571396 33318282 24849776650 0
1787571397 33318514 24849788603 0
1787571398 33318687 24849800321 0
1787571399 33318851 24849811863 0
1787571400 33319022 24849823527 0
1787571401 33319144 24849835126 0
1787571402 33319244 24849846587 0
1787571403 33319339 24849859329 0
