1787568377 32934726 24814743252 0
1787568378 32934900 24814755711 0
1787568379 32935096 24814767994 0
1787568381 32935256 24814780375 0
1787568382 32935504 24814793168 0
1787568383 32935719 24814806184 0
1787568384 32935948 24814819166 0
1787568385 32936062 24814831408 0
1787568386 32936274 24814844212 0
1787568387 32936446 24814857317 0
1787568388 32936564 24814869551 0
1787568389 32936744 24814882364 0
1787568390 32936880 24814894571 0
1787568391 32937033 24814906878 0
1787568392 32937195 24814918982 0
1787568393 32937347 24814931202 0
1787568394 32937542 24814943506 0
1787568395 32937669 24814955777 0
1787568396 32937794 24814967927 0
1787568397 32937968 24814980217 0
1787568398 32938120 24814992525 0
1787568399 32938258 24815004762 0
1787568400 32938435 24815016891 0
1787568401 32938548 24815029135 0
1787568402 32938698 24815041522 0
1787568403 32938835 24815053735 0
1787568405 32939020 24815065920 0
1787568406 32939227 24815078327 0
1787568407 32939378 24815090628 0
1787568408 32939505 24815102819 0
1787568409 32939646 24815115152 0
1787568410 32939798 24815127395 0
1787568411 32939933 24815139762 0
1787568412 32940069 24815152518 0
1787568413 32940252 24815164748 0
1787568414 32940408 24815177025 0
1787568415 32940559 24815189314 0
1787568416 32940722 24815202472 0
1787568417 32940878 24815215676 0
1787568418 32941042 24815228891 0
1787568419 32941170 24815241047 0
1787568420 32941324 24815255074 0
1787568421 32941491 24815268224 0
1787568423 32941633 24815280595 0
1787568424 32941754 24815293249 0
1787568425 32941974 24815307485 0
1787568426 32942117 24815319874 0
1787568427 32942254 24815332358 0
1787568428 32942416 24815344525 0
1787568429 32942551 24815356729 0
1787568430 32942705 24815369411 0
1787568431 32942868 24815381584 0
1787568432 32943056 24815394408 0
1787568433 32943203 24815406663 0
1787568434 32943357 24815418966 0
1787568435 32943545 24815431179 0
1787568436 32943666 24815443389 0
1787568437 32943820 24815455650 0
1787568438 32943948 24815468049 0
1787568439 32944094 24815480342 0
1787568440 32944251 24815492829 0
1787568441 32944423 24815505144 0
