1787571171 33281755 24847145317 0
1787571172 33282053 24847157324 0
1787571173 33282321 24847169321 0
1787571174 33282645 24847181499 0
1787571175 33282942 24847193455 0
1787571176 33283228 24847205465 0
1787571177 33283410 24847217357 0
1787571178 33283576 24847229487 0
1787571179 33283748 24847241453 0
1787571180 33283880 24847253188 0
1787571181 33284023 24847264906 0
1787571182 33284148 24847277122 0
1787571183 33284322 24847288813 0
1787571184 33284475 24847300576 0
1787571185 33284625 24847312425 0
1787571186 33284763 24847324366 0
1787571187 33284896 24847336090 0
1787571188 33285086 24847347907 0
1787571189 33285245 24847359807 0
1787571190 33285383 24847371447 0
1787571191 33285517 24847383240 0
1787571192 33285642 24847395262 0
1787571193 33285784 24847407389 0
1787571194 33285924 24847419462 0
1787571195 33286061 24847431456 0
1787571196 33286225 24847443541 0
1787571197 33286360 24847455556 0
1787571198 33286537 24847467457 0
1787571199 33286692 24847479326 0
1787571200 33286892 24847491393 0
1787571201 33287045 24847503532 0
1787571202 33287238 24847515711 0
1787571203 33287404 24847527594 0
1787571204 33287573 24847539623 0
1787571206 33287753 24847551603 0
1787571207 33287942 24847563469 0
1787571208 33288108 24847575514 0
1787571209 33288241 24847587531 0
1787571210 33288404 24847599439 0
1787571211 33288527 24847611297 0
1787571212 33288655 24847623232 0
1787571213 33288794 24847635148 0
1787571214 33288950 24847647069 0
1787571215 33289157 24847658929 0
1787571216 33289352 24847670904 0
1787571217 33289518 24847682898 0
1787571218 33289706 24847694826 0
1787571219 33289905 24847706675 0
1787571220 33290098 24847718388 0
1787571221 33290280 24847730183 0
1787571222 33290519 24847742028 0
1787571223 33290712 24847754247 0
1787571224 33290937 24847766553 0
1787571225 33291078 24847778460 0
1787571226 33291259 24847790286 0
1787571227 33291419 24847802297 0
1787571228 33291581 24847814307 0
1787571229 33291735 24847826309 0
1787571230 33291957 24847838298 0
1787571231 33292155 24847850476 0
1787571232 33292323 24847862577 0
1787571233 33292501 24847874476 0
1787571234 33292732 24847887110 0
1787571235 33292952 24847899018 0
