1787570338 33121511 24837881140 0
1787570339 33121759 24837892733 0
1787570340 33122024 24837904217 0
1787570342 33122324 24837915583 0
1787570343 33122633 24837927122 0
1787570344 33122903 24837938555 0
1787570345 33123167 24837950021 0
1787570346 33123464 24837961460 0
1787570347 33123770 24837972936 0
1787570348 33124061 24837985207 0
1787570349 33124378 24837996559 0
1787570350 33124748 24838008398 0
1787570351 33125019 24838019742 0
1787570352 33125347 24838031966 0
1787570353 33125671 24838043471 0
1787570354 33125976 24838054935 0
1787570355 33126277 24838066383 0
1787570356 33126560 24838077883 0
1787570357 33126842 24838089424 0
1787570358 33127136 24838101796 0
1787570359 33127383 24838113544 0
1787570360 33127705 24838126022 0
1787570361 33127962 24838137648 0
1787570362 33128207 24838149409 0
1787570363 33128474 24838161452 0
1787570364 33128717 24838173382 0
1787570365 33128938 24838185487 0
1787570366 33129167 24838197359 0
1787570367 33129415 24838209565 0
1787570368 33129695 24838221812 0
1787570369 33129958 24838233870 0
1787570371 33130176 24838245737 0
1787570372 33130484 24838257582 0
1787570373 33130878 24838270163 0
1787570374 33131189 24838282013 0
1787570375 33131511 24838294031 0
1787570376 33131834 24838305690 0
1787570377 33132180 24838317314 0
1787570378 33132519 24838329181 0
1787570379 33132818 24838340964 0
1787570380 33133187 24838352963 0
1787570381 33133497 24838364856 0
1787570382 33133793 24838376680 0
1787570383 33134117 24838388548 0
1787570384 33134477 24838400786 0
1787570385 33134820 24838412808 0
1787570386 33135164 24838424578 0
1787570387 33135482 24838436569 0
1787570388 33135785 24838448379 0
1787570389 33136035 24838460161 0
1787570390 33136338 24838472052 0
1787570391 33136634 24838483780 0
1787570392 33136944 24838495629 0
1787570393 33137224 24838507496 0
1787570394 33137471 24838519276 0
1787570395 33137732 24838531200 0
1787570396 33138023 24838543008 0
1787570397 33138343 24838554816 0
1787570398 33138604 24838566493 0
1787570399 33138845 24838578202 0
1787570400 33138973 24838589888 0
1787570401 33139057 24838601503 0
1787570402 33139140 24838613069 0
