1787568544 32962236 24816720769 0
1787568545 32962411 24816733063 0
1787568546 32962586 24816745281 0
1787568547 32962756 24816757609 0
1787568548 32962989 24816769807 0
1787568549 32963208 24816782323 0
1787568550 32963434 24816794646 0
1787568551 32963673 24816806839 0
1787568552 32963882 24816819163 0
1787568553 32964061 24816831388 0
1787568554 32964224 24816843742 0
1787568555 32964392 24816856172 0
1787568556 32964558 24816869407 0
1787568557 32964718 24816881792 0
1787568558 32964918 24816894030 0
1787568559 32965145 24816906318 0
1787568560 32965337 24816918607 0
1787568561 32965524 24816931006 0
1787568562 32965730 24816943414 0
1787568563 32965963 24816955764 0
1787568564 32966178 24816967893 0
1787568565 32966400 24816980016 0
1787568566 32966597 24816992193 0
1787568567 32966752 24817004439 0
1787568569 32966937 24817016556 0
1787568570 32967101 24817028696 0
1787568571 32967296 24817040806 0
1787568572 32967483 24817052889 0
1787568573 32967685 24817065013 0
1787568574 32967903 24817077249 0
1787568575 32968100 24817089571 0
1787568576 32968321 24817101686 0
1787568577 32968525 24817113949 0
1787568578 32968729 24817126096 0
1787568579 32968927 24817138100 0
1787568580 32969142 24817150219 0
1787568581 32969343 24817162346 0
1787568582 32969522 24817174573 0
1787568583 32969721 24817187018 0
1787568584 32969898 24817199103 0
1787568585 32970095 24817211293 0
1787568586 32970294 24817223483 0
1787568587 32970478 24817235674 0
1787568588 32970677 24817247905 0
1787568589 32970880 24817260156 0
1787568590 32971076 24817272372 0
1787568591 32971271 24817284651 0
1787568592 32971462 24817296793 0
1787568593 32971652 24817309000 0
1787568594 32971858 24817321287 0
1787568595 32972008 24817333692 0
1787568596 32972227 24817346027 0
1787568597 32972390 24817358158 0
1787568598 32972603 24817370334 0
1787568599 32972869 24817382672 0
1787568601 32973082 24817394931 0
1787568602 32973250 24817407184 0
1787568603 32973430 24817419402 0
1787568604 32973665 24817431683 0
1787568605 32973870 24817443941 0
1787568606 32973996 24817456184 0
1787568607 32974108 24817468447 0
1787568608 32974193 24817480795 0
