1787568297 32923289 24813786254 0
1787568298 32923489 24813798444 0
1787568299 32923626 24813810650 0
1787568300 32923732 24813822814 0
1787568301 32923847 24813835042 0
1787568302 32923961 24813847207 0
1787568303 32924077 24813859412 0
1787568304 32924188 24813871627 0
1787568305 32924311 24813883837 0
1787568306 32924457 24813896264 0
1787568307 32924590 24813908404 0
1787568308 32924690 24813920718 0
1787568309 32924820 24813932879 0
1787568310 32924943 24813945223 0
1787568311 32925001 24813957435 0
1787568313 32925064 24813969736 0
1787568314 32925153 24813981951 0
1787568315 32925247 24813994140 0
1787568316 32925342 24814006294 0
1787568317 32925435 24814018443 0
1787568318 32925549 24814030685 0
1787568319 32925669 24814042870 0
1787568320 32925792 24814055059 0
1787568321 32925969 24814067272 0
1787568322 32926130 24814079639 0
1787568323 32926328 24814091796 0
1787568324 32926484 24814103998 0
1787568325 32926645 24814116265 0
1787568326 32926787 24814128906 0
1787568327 32926936 24814141398 0
1787568328 32927117 24814153769 0
1787568329 32927297 24814166054 0
1787568330 32927446 24814178271 0
1787568331 32927615 24814190457 0
1787568332 32927787 24814202850 0
1787568333 32927948 24814215382 0
1787568334 32928067 24814227861 0
1787568335 32928224 24814240233 0
1787568336 32928453 24814252520 0
1787568337 32928624 24814264844 0
1787568338 32928767 24814277265 0
1787568339 32928917 24814289566 0
1787568340 32929066 24814301934 0
1787568341 32929213 24814314306 0
1787568342 32929369 24814326559 0
1787568343 32929510 24814338908 0
1787568344 32929676 24814351209 0
1787568345 32929823 24814363537 0
1787568346 32929979 24814375792 0
1787568348 32930121 24814388007 0
1787568349 32930276 24814400280 0
1787568350 32930395 24814412611 0
1787568351 32930535 24814425007 0
1787568352 32930675 24814437372 0
1787568353 32930799 24814449660 0
1787568354 32930929 24814461958 0
1787568355 32931072 24814474271 0
1787568356 32931203 24814486560 0
1787568357 32931354 24814498945 0
1787568358 32931561 24814511130 0
1787568359 32931785 24814523448 0
1787568360 32931982 24814535787 0
1787568361 32932231 24814548177 0
