1787570929 33242939 24844525463 0
1787570930 33243166 24844536691 0
1787570931 33243368 24844547804 0
1787570932 33243561 24844559045 0
1787570933 33243746 24844569934 0
1787570934 33243934 24844580923 0
1787570935 33244133 24844591946 0
1787570936 33244334 24844602847 0
1787570937 33244501 24844613770 0
1787570938 33244679 24844624537 0
1787570939 33244852 24844635304 0
1787570940 33245057 24844646079 0
1787570941 33245288 24844657040 0
1787570942 33245483 24844667680 0
1787570943 33245673 24844678812 0
1787570944 33245830 24844689384 0
1787570945 33246027 24844700404 0
1787570946 33246204 24844711091 0
1787570947 33246403 24844721872 0
1787570948 33246589 24844732671 0
1787570949 33246770 24844743424 0
1787570950 33246962 24844754186 0
1787570951 33247141 24844764609 0
1787570952 33247336 24844775047 0
1787570953 33247521 24844785451 0
1787570954 33247710 24844795993 0
1787570955 33247893 24844806528 0
1787570956 33248081 24844817010 0
1787570957 33248317 24844827183 0
1787570958 33248572 24844837546 0
1787570960 33248803 24844847756 0
1787570961 33249005 24844857990 0
1787570962 33249230 24844868317 0
1787570963 33249478 24844878295 0
1787570964 33249719 24844888209 0
1787570965 33249939 24844898447 0
1787570966 33250157 24844908883 0
1787570967 33250382 24844919431 0
1787570968 33250613 24844930019 0
1787570969 33250859 24844940374 0
1787570970 33251078 24844950742 0
1787570971 33251340 24844961150 0
1787570972 33251652 24844971372 0
1787570973 33251881 24844981755 0
1787570974 33252121 24844992136 0
1787570975 33252291 24845002603 0
1787570976 33252491 24845013055 0
1787570977 33252735 24845023695 0
1787570978 33252949 24845034037 0
1787570979 33253143 24845044294 0
1787570980 33253348 24845054668 0
1787570981 33253540 24845065039 0
1787570982 33253754 24845075178 0
1787570983 33253929 24845085553 0
1787570984 33254143 24845096004 0
1787570985 33254340 24845106478 0
1787570986 33254553 24845117055 0
1787570987 33254758 24845127282 0
1787570988 33255015 24845137191 0
1787570989 33255211 24845147566 0
1787570990 33255381 24845158168 0
1787570991 33255493 24845168888 0
1787570992 33255587 24845179683 0
