1787570578 33176431 24840582301 0
1787570579 33176668 24840593952 0
1787570580 33176926 24840605567 0
1787570581 33177185 24840617144 0
1787570582 33177409 24840628886 0
1787570583 33177612 24840640552 0
1787570584 33177798 24840652243 0
1787570585 33178006 24840663993 0
1787570586 33178191 24840675541 0
1787570587 33178352 24840687212 0
1787570588 33178512 24840698866 0
1787570589 33178702 24840710514 0
1787570590 33178896 24840722163 0
1787570591 33179116 24840733803 0
1787570592 33179313 24840745455 0
1787570593 33179490 24840757014 0
1787570595 33179675 24840768644 0
1787570596 33179883 24840780337 0
1787570597 33180087 24840792032 0
1787570598 33180277 24840803706 0
1787570599 33180468 24840815664 0
1787570600 33180681 24840827391 0
1787570601 33180888 24840839272 0
1787570602 33181088 24840851016 0
1787570603 33181298 24840862824 0
1787570604 33181509 24840874510 0
1787570605 33181717 24840886177 0
1787570606 33181893 24840897835 0
1787570607 33182041 24840909585 0
1787570608 33182203 24840921274 0
1787570609 33182332 24840933037 0
1787570610 33182466 24840944722 0
1787570611 33182636 24840956429 0
1787570612 33182784 24840968061 0
1787570613 33182939 24840979722 0
1787570614 33183117 24840991411 0
1787570615 33183275 24841003157 0
1787570616 33183436 24841014809 0
1787570617 33183604 24841026460 0
1787570618 33183761 24841037989 0
1787570619 33183922 24841049355 0
1787570620 33184098 24841060859 0
1787570621 33184256 24841072373 0
1787570622 33184416 24841083926 0
1787570623 33184553 24841095485 0
1787570624 33184696 24841106991 0
1787570625 33184858 24841118739 0
1787570626 33185007 24841130550 0
1787570627 33185144 24841142317 0
1787570628 33185291 24841154017 0
1787570629 33185446 24841165647 0
1787570630 33185602 24841177350 0
1787570632 33185747 24841189034 0
1787570633 33185909 24841200734 0
1787570634 33186060 24841212367 0
1787570635 33186212 24841224087 0
1787570636 33186360 24841235642 0
1787570637 33186525 24841247265 0
1787570638 33186682 24841259283 0
1787570639 33186839 24841271170 0
1787570640 33186925 24841283026 0
1787570641 33187021 24841294596 0
1787570642 33187105 24841306183 0
