1787570578 33176430 24840582277 0
1787570579 33176667 24840593930 0
1787570580 33176923 24840605506 0
1787570581 33177184 24840617069 0
1787570582 33177407 24840628824 0
1787570583 33177608 24840640376 0
1787570584 33177796 24840652178 0
1787570585 33178006 24840663991 0
1787570586 33178195 24840675712 0
1787570587 33178359 24840687625 0
1787570588 33178525 24840699481 0
1787570589 33178719 24840711264 0
1787570591 33178913 24840722992 0
1787570592 33179137 24840734885 0
1787570593 33179328 24840746454 0
1787570594 33179507 24840758086 0
1787570595 33179694 24840769772 0
1787570596 33179908 24840781489 0
1787570597 33180111 24840793182 0
1787570598 33180297 24840804846 0
1787570599 33180488 24840816728 0
1787570600 33180707 24840828499 0
1787570601 33180921 24840840271 0
1787570602 33181110 24840851957 0
1787570603 33181321 24840863732 0
1787570604 33181534 24840875392 0
1787570605 33181733 24840887097 0
1787570606 33181910 24840898779 0
1787570607 33182057 24840910410 0
1787570608 33182214 24840921977 0
1787570609 33182345 24840933741 0
1787570610 33182477 24840945421 0
1787570611 33182643 24840957113 0
1787570612 33182796 24840968746 0
1787570613 33182949 24840980329 0
1787570614 33183128 24840992001 0
1787570615 33183289 24841003778 0
1787570616 33183454 24841015537 0
1787570617 33183623 24841027127 0
1787570618 33183776 24841038612 0
1787570619 33183933 24841050034 0
1787570620 33184112 24841061793 0
1787570621 33184269 24841073334 0
1787570622 33184435 24841084913 0
1787570623 33184573 24841096475 0
1787570624 33184715 24841107981 0
1787570625 33184872 24841119639 0
1787570626 33185012 24841131405 0
1787570627 33185156 24841143106 0
1787570628 33185302 24841154715 0
1787570630 33185452 24841166354 0
1787570631 33185612 24841178250 0
1787570632 33185758 24841189899 0
1787570633 33185920 24841201654 0
1787570634 33186073 24841213460 0
1787570635 33186226 24841225107 0
1787570636 33186376 24841236731 0
1787570637 33186550 24841248711 0
1787570638 33186698 24841260410 0
1787570639 33186852 24841272373 0
1787570640 33186940 24841284234 0
1787570641 33187034 24841295627 0
1787570642 33187117 24841307136 0
