1787571171 33281755 24847145340 0
1787571172 33282053 24847157383 0
1787571173 33282332 24847169568 0
1787571174 33282650 24847181774 0
1787571175 33282949 24847193850 0
1787571176 33283233 24847205774 0
1787571177 33283415 24847217683 0
1787571178 33283579 24847229741 0
1787571179 33283750 24847241689 0
1787571180 33283884 24847253432 0
1787571181 33284034 24847265268 0
1787571182 33284155 24847277381 0
1787571183 33284326 24847289070 0
1787571184 33284480 24847300903 0
1787571185 33284629 24847312649 0
1787571186 33284764 24847324538 0
1787571187 33284900 24847336341 0
1787571188 33285098 24847348371 0
1787571189 33285251 24847360171 0
1787571190 33285386 24847371877 0
1787571191 33285523 24847383688 0
1787571192 33285650 24847395671 0
1787571193 33285791 24847407769 0
1787571194 33285927 24847419874 0
1787571195 33286069 24847431983 0
1787571196 33286240 24847444057 0
1787571197 33286366 24847455885 0
1787571198 33286545 24847467871 0
1787571199 33286702 24847479890 0
1787571200 33286899 24847491761 0
1787571201 33287050 24847503801 0
1787571202 33287242 24847515848 0
1787571203 33287408 24847527776 0
1787571205 33287581 24847539900 0
1787571206 33287761 24847552044 0
1787571207 33287952 24847564000 0
1787571208 33288120 24847575952 0
1787571209 33288249 24847587880 0
1787571210 33288416 24847600086 0
1787571211 33288537 24847611984 0
1787571212 33288662 24847623910 0
1787571213 33288806 24847635770 0
1787571214 33288965 24847647926 0
1787571215 33289225 24847662928 0
1787571216 33289412 24847674747 0
1787571217 33289585 24847686859 0
1787571218 33289791 24847698894 0
1787571219 33289979 24847710690 0
1787571220 33290140 24847722406 0
1787571221 33290351 24847734134 0
1787571222 33290598 24847746149 0
1787571223 33290787 24847758165 0
1787571224 33290990 24847770294 0
1787571225 33291143 24847782389 0
1787571226 33291309 24847794179 0
1787571227 33291465 24847806056 0
1787571228 33291621 24847818189 0
1787571229 33291833 24847830144 0
1787571230 33292018 24847842189 0
1787571232 33292226 24847854226 0
1787571233 33292370 24847866315 0
1787571234 33292591 24847878279 0
1787571235 33292800 24847890240 0
