1787571339 33309155 24849117103 0
1787571340 33309290 24849129453 0
1787571341 33309442 24849141686 0
1787571342 33309551 24849153848 0
1787571343 33309669 24849166170 0
1787571344 33309783 24849178481 0
1787571345 33309901 24849190784 0
1787571346 33310037 24849203148 0
1787571347 33310145 24849215488 0
1787571348 33310270 24849227823 0
1787571349 33310390 24849240132 0
1787571351 33310520 24849252460 0
1787571352 33310651 24849264784 0
1787571353 33310754 24849277070 0
1787571354 33310875 24849289431 0
1787571355 33310981 24849301508 0
1787571356 33311118 24849313604 0
1787571357 33311240 24849325797 0
1787571358 33311392 24849337985 0
1787571359 33311539 24849350156 0
1787571360 33311658 24849362433 0
1787571361 33311773 24849374650 0
1787571362 33311866 24849386944 0
1787571363 33312015 24849399194 0
1787571364 33312204 24849411344 0
1787571365 33312411 24849423305 0
1787571366 33312610 24849434930 0
1787571367 33312848 24849446583 0
1787571368 33313090 24849458381 0
1787571369 33313340 24849470164 0
1787571370 33313514 24849482012 0
1787571371 33313696 24849493792 0
1787571372 33313907 24849505567 0
1787571373 33314102 24849517446 0
1787571374 33314299 24849529393 0
1787571375 33314525 24849541298 0
1787571376 33314787 24849553444 0
1787571377 33315013 24849565152 0
1787571378 33315253 24849577108 0
1787571379 33315419 24849589043 0
1787571380 33315606 24849600957 0
1787571381 33315789 24849612866 0
1787571382 33315959 24849624772 0
1787571383 33316164 24849636589 0
1787571384 33316340 24849648217 0
1787571385 33316519 24849659760 0
1787571386 33316677 24849671497 0
1787571388 33316854 24849683346 0
1787571389 33316957 24849695042 0
1787571390 33317109 24849707118 0
1787571391 33317261 24849718977 0
1787571392 33317413 24849730652 0
1787571393 33317633 24849742510 0
1787571394 33317883 24849754025 0
1787571395 33318070 24849765787 0
1787571396 33318301 24849777691 0
1787571397 33318532 24849789562 0
1787571398 33318704 24849801330 0
1787571399 33318869 24849812776 0
1787571400 33319031 24849824462 0
1787571401 33319157 24849836072 0
1787571402 33319260 24849847441 0
1787571403 33319335 24849859164 0
