1787570929 33242941 24844525569 0
1787570930 33243166 24844536707 0
1787570931 33243368 24844547812 0
1787570932 33243554 24844558691 0
1787570933 33243731 24844569528 0
1787570934 33243927 24844580578 0
1787570935 33244125 24844591722 0
1787570936 33244328 24844602583 0
1787570937 33244493 24844613474 0
1787570938 33244675 24844624321 0
1787570939 33244847 24844635175 0
1787570940 33245052 24844646000 0
1787570941 33245277 24844656564 0
1787570942 33245469 24844667177 0
1787570943 33245655 24844677725 0
1787570944 33245804 24844688301 0
1787570945 33246009 24844698881 0
1787570946 33246169 24844709615 0
1787570947 33246378 24844720595 0
1787570948 33246572 24844731268 0
1787570949 33246749 24844742055 0
1787570950 33246937 24844752993 0
1787570951 33247126 24844763491 0
1787570952 33247318 24844773995 0
1787570953 33247501 24844784436 0
1787570954 33247692 24844794894 0
1787570955 33247871 24844805417 0
1787570956 33248057 24844815844 0
1787570957 33248289 24844826023 0
1787570958 33248540 24844836336 0
1787570959 33248775 24844846809 0
1787570960 33248991 24844857334 0
1787570961 33249210 24844867622 0
1787570963 33249453 24844877508 0
1787570964 33249696 24844887663 0
1787570965 33249926 24844897871 0
1787570966 33250140 24844908299 0
1787570967 33250357 24844918715 0
1787570968 33250582 24844929143 0
1787570969 33250842 24844939488 0
1787570970 33251060 24844949830 0
1787570971 33251306 24844960176 0
1787570972 33251623 24844970487 0
1787570973 33251869 24844980942 0
1787570974 33252105 24844991248 0
1787570975 33252271 24845001722 0
1787570976 33252475 24845012271 0
1787570977 33252712 24845022866 0
1787570978 33252932 24845033124 0
1787570979 33253118 24845043365 0
1787570980 33253335 24845053812 0
1787570981 33253522 24845064032 0
1787570982 33253734 24845074104 0
1787570983 33253913 24845084416 0
1787570984 33254128 24845094950 0
1787570985 33254317 24845105438 0
1787570986 33254533 24845116015 0
1787570987 33254736 24845126170 0
1787570988 33254994 24845136184 0
1787570989 33255190 24845146488 0
1787570990 33255359 24845156888 0
1787570991 33255478 24845167680 0
1787570992 33255577 24845178551 0
