1787570578 33176434 24840582401 0
1787570579 33176667 24840593946 0
1787570580 33176924 24840605529 0
1787570581 33177187 24840617195 0
1787570582 33177408 24840628848 0
1787570583 33177612 24840640552 0
1787570584 33177799 24840652276 0
1787570585 33178011 24840664124 0
1787570586 33178195 24840675734 0
1787570587 33178355 24840687419 0
1787570588 33178518 24840699131 0
1787570589 33178712 24840710947 0
1787570590 33178904 24840722570 0
1787570591 33179122 24840734275 0
1787570593 33179316 24840745808 0
1787570594 33179501 24840757481 0
1787570595 33179685 24840769227 0
1787570596 33179893 24840780955 0
1787570597 33180102 24840792800 0
1787570598 33180293 24840804561 0
1787570599 33180481 24840816403 0
1787570600 33180694 24840828061 0
1787570601 33180912 24840839864 0
1787570602 33181104 24840851596 0
1787570603 33181308 24840863231 0
1787570604 33181517 24840874908 0
1787570605 33181727 24840886792 0
1787570606 33181904 24840898478 0
1787570607 33182054 24840910121 0
1787570608 33182210 24840921749 0
1787570609 33182341 24840933616 0
1787570610 33182474 24840945286 0
1787570611 33182642 24840957067 0
1787570612 33182796 24840968746 0
1787570613 33182951 24840980401 0
1787570614 33183128 24840992040 0
1787570615 33183289 24841003809 0
1787570616 33183453 24841015504 0
1787570617 33183623 24841027123 0
1787570618 33183774 24841038541 0
1787570619 33183936 24841050116 0
1787570620 33184109 24841061570 0
1787570621 33184268 24841073231 0
1787570622 33184437 24841084960 0
1787570623 33184575 24841096552 0
1787570624 33184720 24841108068 0
1787570625 33184874 24841119783 0
1787570626 33185015 24841131553 0
1787570627 33185159 24841143214 0
1787570629 33185306 24841154875 0
1787570630 33185455 24841166496 0
1787570631 33185611 24841178214 0
1787570632 33185758 24841189867 0
1787570633 33185920 24841201649 0
1787570634 33186069 24841213340 0
1787570635 33186223 24841225009 0
1787570636 33186372 24841236587 0
1787570637 33186540 24841248124 0
1787570638 33186689 24841259822 0
1787570639 33186845 24841271773 0
1787570640 33186933 24841283612 0
1787570641 33187027 24841295115 0
1787570642 33187113 24841306595 0
