1787568544 32962236 24816720769 0
1787568545 32962410 24816733007 0
1787568546 32962589 24816745407 0
1787568547 32962759 24816757700 0
1787568548 32962993 24816769890 0
1787568549 32963202 24816782137 0
1787568550 32963429 24816794462 0
1787568551 32963669 24816806697 0
1787568552 32963876 24816818860 0
1787568553 32964058 24816831220 0
1787568554 32964220 24816843543 0
1787568555 32964387 24816855824 0
1787568556 32964544 24816868417 0
1787568557 32964704 24816880727 0
1787568558 32964902 24816893127 0
1787568559 32965120 24816905310 0
1787568560 32965316 24816917612 0
1787568561 32965505 24816929765 0
1787568562 32965706 24816942184 0
1787568563 32965930 24816954448 0
1787568564 32966152 24816966608 0
1787568565 32966364 24816978745 0
1787568566 32966576 24816990995 0
1787568567 32966747 24817004007 0
1787568569 32966926 24817016313 0
1787568570 32967099 24817028600 0
1787568571 32967294 24817040744 0
1787568572 32967483 24817052888 0
1787568573 32967688 24817065095 0
1787568574 32967905 24817077412 0
1787568575 32968099 24817089559 0
1787568576 32968322 24817101720 0
1787568577 32968524 24817113901 0
1787568578 32968727 24817126017 0
1787568579 32968928 24817138116 0
1787568580 32969142 24817150177 0
1787568581 32969344 24817162383 0
1787568582 32969524 24817174652 0
1787568583 32969721 24817187018 0
1787568584 32969910 24817199485 0
1787568585 32970099 24817211723 0
1787568586 32970300 24817224005 0
1787568587 32970497 24817236234 0
1787568588 32970689 24817248588 0
1787568589 32970892 24817260824 0
1787568590 32971090 24817272918 0
1787568591 32971279 24817285058 0
1787568592 32971470 24817297247 0
1787568593 32971664 24817309472 0
1787568594 32971867 24817321587 0
1787568595 32972010 24817333833 0
1787568596 32972226 24817345999 0
1787568597 32972391 24817358198 0
1787568598 32972611 24817370556 0
1787568599 32972869 24817382741 0
1787568601 32973084 24817394995 0
1787568602 32973251 24817407226 0
1787568603 32973433 24817419575 0
1787568604 32973667 24817431722 0
1787568605 32973869 24817443898 0
1787568606 32973994 24817456111 0
1787568607 32974108 24817468461 0
1787568608 32974192 24817480727 0
