1787571339 33309158 24849117183 0
1787571340 33309288 24849129405 0
1787571341 33309439 24849141533 0
1787571342 33309548 24849153729 0
1787571343 33309668 24849166046 0
1787571344 33309780 24849178397 0
1787571345 33309898 24849190602 0
1787571346 33310033 24849202972 0
1787571347 33310138 24849215213 0
1787571348 33310263 24849227414 0
1787571349 33310378 24849239618 0
1787571350 33310508 24849251809 0
1787571352 33310637 24849264172 0
1787571353 33310748 24849276462 0
1787571354 33310869 24849288702 0
1787571355 33310974 24849300788 0
1787571356 33311110 24849313020 0
1787571357 33311232 24849325213 0
1787571358 33311384 24849337378 0
1787571359 33311533 24849349814 0
1787571360 33311655 24849362013 0
1787571361 33311770 24849374309 0
1787571362 33311861 24849386469 0
1787571363 33312008 24849398774 0
1787571364 33312199 24849411072 0
1787571365 33312403 24849422962 0
1787571366 33312605 24849434706 0
1787571367 33312840 24849446266 0
1787571368 33313083 24849458120 0
1787571369 33313331 24849469909 0
1787571370 33313510 24849481682 0
1787571371 33313690 24849493377 0
1787571372 33313895 24849505100 0
1787571373 33314088 24849516854 0
1787571374 33314288 24849528722 0
1787571375 33314512 24849540727 0
1787571376 33314768 24849552747 0
1787571377 33314995 24849564468 0
1787571378 33315246 24849576368 0
1787571379 33315412 24849588451 0
1787571380 33315597 24849600609 0
1787571381 33315786 24849612728 0
1787571382 33315956 24849624679 0
1787571383 33316162 24849636531 0
1787571384 33316341 24849648222 0
1787571385 33316519 24849659757 0
1787571387 33316679 24849671611 0
1787571388 33316856 24849683418 0
1787571389 33316958 24849695209 0
1787571390 33317109 24849707171 0
1787571391 33317265 24849719176 0
1787571392 33317421 24849730987 0
1787571393 33317638 24849742773 0
1787571394 33317889 24849754350 0
1787571395 33318077 24849766115 0
1787571396 33318307 24849778100 0
1787571397 33318544 24849790066 0
1787571398 33318713 24849801699 0
1787571399 33318881 24849813327 0
1787571400 33319036 24849824914 0
1787571401 33319162 24849836520 0
1787571402 33319266 24849847844 0
1787571403 33319343 24849859599 0
