1787570338 33121511 24837881140 0
1787570339 33121755 24837892658 0
1787570341 33122024 24837904210 0
1787570342 33122345 24837916301 0
1787570343 33122647 24837927785 0
1787570344 33122919 24837939224 0
1787570345 33123195 24837950699 0
1787570346 33123502 24837962372 0
1787570347 33123800 24837973833 0
1787570348 33124068 24837985364 0
1787570349 33124386 24837996805 0
1787570350 33124741 24838008131 0
1787570351 33125013 24838019506 0
1787570352 33125338 24838031506 0
1787570353 33125657 24838042988 0
1787570354 33125962 24838054459 0
1787570355 33126262 24838065862 0
1787570356 33126544 24838077363 0
1787570357 33126823 24838088867 0
1787570358 33127092 24838100516 0
1787570359 33127349 24838112349 0
1787570360 33127645 24838124169 0
1787570361 33127909 24838135890 0
1787570362 33128167 24838147669 0
1787570363 33128407 24838159492 0
1787570364 33128675 24838171459 0
1787570365 33128897 24838183469 0
1787570366 33129118 24838195434 0
1787570367 33129364 24838207590 0
1787570368 33129645 24838219668 0
1787570369 33129915 24838231705 0
1787570370 33130132 24838243605 0
1787570371 33130411 24838255581 0
1787570372 33130777 24838267398 0
1787570373 33131107 24838279283 0
1787570374 33131431 24838291213 0
1787570375 33131744 24838302828 0
1787570376 33132098 24838314405 0
1787570377 33132419 24838326140 0
1787570379 33132740 24838337886 0
1787570380 33133080 24838349759 0
1787570381 33133410 24838361573 0
1787570382 33133697 24838373429 0
1787570383 33134044 24838385969 0
1787570384 33134387 24838397927 0
1787570385 33134716 24838409871 0
1787570386 33135078 24838421821 0
1787570387 33135409 24838433695 0
1787570388 33135683 24838445476 0
1787570389 33135966 24838457189 0
1787570390 33136274 24838469600 0
1787570391 33136580 24838481422 0
1787570392 33136886 24838493311 0
1787570393 33137171 24838505217 0
1787570394 33137423 24838517069 0
1787570395 33137681 24838529056 0
1787570396 33137965 24838540866 0
1787570397 33138291 24838552700 0
1787570398 33138557 24838564407 0
1787570399 33138793 24838576051 0
1787570400 33138952 24838587876 0
1787570401 33139040 24838599488 0
1787570402 33139126 24838611097 0
