1787571253 33295079 24848098038 0
1787571254 33295341 24848109804 0
1787571255 33295604 24848121547 0
1787571256 33295905 24848133579 0
1787571257 33296170 24848145276 0
1787571258 33296416 24848157009 0
1787571259 33296695 24848168734 0
1787571260 33296962 24848180565 0
1787571261 33297195 24848192562 0
1787571262 33297442 24848204464 0
1787571263 33297601 24848216650 0
1787571264 33297774 24848228563 0
1787571265 33297910 24848240538 0
1787571266 33298075 24848252504 0
1787571267 33298239 24848265230 0
1787571268 33298376 24848277235 0
1787571269 33298507 24848289026 0
1787571270 33298690 24848300898 0
1787571271 33298810 24848312797 0
1787571272 33298998 24848323785 0
1787571273 33299176 24848334046 0
1787571274 33299390 24848345694 0
1787571275 33299640 24848357616 0
1787571276 33299837 24848369168 0
1787571277 33300038 24848380894 0
1787571278 33300222 24848392579 0
1787571279 33300385 24848403947 0
1787571280 33300535 24848415422 0
1787571281 33300708 24848427138 0
1787571282 33300857 24848439104 0
1787571283 33301022 24848451211 0
1787571284 33301221 24848463339 0
1787571285 33301468 24848475380 0
1787571286 33301634 24848487474 0
1787571287 33301834 24848499440 0
1787571288 33302004 24848511604 0
1787571289 33302194 24848523985 0
1787571290 33302385 24848536159 0
1787571292 33302644 24848548742 0
1787571293 33302813 24848560998 0
1787571294 33302961 24848573344 0
1787571295 33303151 24848585629 0
1787571296 33303332 24848597853 0
1787571297 33303515 24848610046 0
1787571298 33303672 24848622297 0
1787571299 33303857 24848634535 0
1787571300 33304015 24848646675 0
1787571301 33304182 24848659590 0
1787571302 33304398 24848671809 0
1787571303 33304587 24848684106 0
1787571304 33304786 24848696299 0
1787571305 33304988 24848708439 0
1787571306 33305155 24848720584 0
1787571307 33305350 24848732709 0
1787571308 33305547 24848744878 0
1787571309 33305691 24848757062 0
1787571310 33305850 24848769292 0
1787571311 33306042 24848781413 0
1787571312 33306245 24848793579 0
1787571313 33306425 24848805757 0
1787571314 33306630 24848818135 0
1787571315 33306801 24848830308 0
1787571316 33306955 24848842539 0
