1787571253 33295079 24848098066 0
1787571254 33295344 24848109894 0
1787571255 33295605 24848121583 0
1787571256 33295900 24848133304 0
1787571257 33296159 24848144987 0
1787571258 33296406 24848156739 0
1787571259 33296689 24848168475 0
1787571260 33296948 24848180221 0
1787571261 33297192 24848192225 0
1787571262 33297438 24848204124 0
1787571263 33297589 24848216160 0
1787571264 33297771 24848228136 0
1787571265 33297905 24848240100 0
1787571266 33298065 24848252056 0
1787571267 33298223 24848264091 0
1787571268 33298369 24848276164 0
1787571269 33298490 24848287958 0
1787571270 33298680 24848299860 0
1787571271 33298793 24848311738 0
1787571272 33298976 24848322736 0
1787571273 33299151 24848333100 0
1787571274 33299370 24848344679 0
1787571275 33299622 24848356661 0
1787571276 33299833 24848368607 0
1787571277 33300033 24848380679 0
1787571278 33300214 24848392297 0
1787571279 33300383 24848403768 0
1787571280 33300530 24848415233 0
1787571281 33300707 24848427059 0
1787571282 33300852 24848439013 0
1787571283 33301024 24848451272 0
1787571284 33301222 24848463365 0
1787571285 33301470 24848475410 0
1787571286 33301639 24848487661 0
1787571287 33301840 24848499719 0
1787571288 33302015 24848511901 0
1787571289 33302197 24848524089 0
1787571290 33302388 24848536309 0
1787571291 33302635 24848548505 0
1787571293 33302806 24848560698 0
1787571294 33302955 24848573021 0
1787571295 33303141 24848585200 0
1787571296 33303326 24848597333 0
1787571297 33303507 24848609508 0
1787571298 33303663 24848621704 0
1787571299 33303848 24848634024 0
1787571300 33304030 24848647365 0
1787571301 33304216 24848661485 0
1787571302 33304421 24848673627 0
1787571303 33304610 24848685810 0
1787571304 33304802 24848697936 0
1787571305 33305012 24848710116 0
1787571306 33305183 24848722375 0
1787571307 33305392 24848735052 0
1787571308 33305582 24848747256 0
1787571309 33305726 24848759550 0
1787571310 33305885 24848772143 0
1787571311 33306074 24848784280 0
1787571312 33306266 24848796538 0
1787571313 33306469 24848808846 0
1787571314 33306694 24848821076 0
1787571315 33306849 24848833244 0
1787571316 33307003 24848845428 0
