1787568624 32975312 24817677972 0
1787568625 32975622 24817690787 0
1787568626 32975944 24817703968 0
1787568627 32976250 24817716165 0
1787568628 32976563 24817728577 0
1787568629 32976866 24817741092 0
1787568631 32977141 24817753373 0
1787568632 32977428 24817765743 0
1787568633 32977752 24817778087 0
1787568634 32978046 24817790722 0
1787568635 32978386 24817803896 0
1787568636 32978715 24817817005 0
1787568637 32978944 24817829260 0
1787568638 32979196 24817841961 0
1787568639 32979400 24817854388 0
1787568640 32979617 24817866712 0
1787568641 32979800 24817879316 0
1787568642 32980007 24817891444 0
1787568643 32980171 24817903963 0
1787568644 32980349 24817916149 0
1787568645 32980560 24817928388 0
1787568646 32980712 24817940704 0
1787568647 32980871 24817952995 0
1787568648 32981037 24817965580 0
1787568650 32981241 24817978624 0
1787568651 32981409 24817991855 0
1787568652 32981576 24818004226 0
1787568653 32981717 24818016632 0
1787568654 32981860 24818028966 0
1787568655 32982014 24818041154 0
1787568656 32982177 24818053170 0
1787568657 32982318 24818065317 0
1787568658 32982470 24818077440 0
1787568659 32982603 24818089584 0
1787568660 32982796 24818101677 0
1787568661 32982945 24818113851 0
1787568662 32983113 24818126225 0
1787568663 32983268 24818138590 0
1787568664 32983423 24818150902 0
1787568665 32983587 24818163174 0
1787568666 32983763 24818175375 0
1787568667 32983939 24818187574 0
1787568668 32984136 24818199780 0
1787568669 32984310 24818211973 0
1787568670 32984484 24818224101 0
1787568671 32984635 24818236477 0
1787568672 32984750 24818248643 0
1787568673 32984903 24818260875 0
1787568674 32985056 24818273121 0
1787568675 32985211 24818285359 0
1787568676 32985394 24818297549 0
1787568677 32985552 24818309834 0
1787568678 32985739 24818322190 0
1787568679 32985881 24818334474 0
1787568680 32986076 24818346834 0
1787568681 32986255 24818359053 0
1787568683 32986373 24818371435 0
1787568684 32986528 24818383600 0
1787568685 32986651 24818395975 0
1787568686 32986828 24818408942 0
1787568687 32986985 24818421138 0
1787568688 32987127 24818433328 0
