1787571090 33270131 24846223734 0
1787571091 33270429 24846235620 0
1787571092 33270657 24846247888 0
1787571093 33270893 24846259164 0
1787571094 33271110 24846270158 0
1787571095 33271310 24846280956 0
1787571096 33271530 24846291938 0
1787571097 33271749 24846303099 0
1787571098 33271930 24846314141 0
1787571099 33272130 24846325312 0
1787571100 33272325 24846336403 0
1787571101 33272557 24846347459 0
1787571102 33272734 24846358386 0
1787571103 33272916 24846369289 0
1787571104 33273121 24846380458 0
1787571105 33273265 24846392162 0
1787571106 33273424 24846404211 0
1787571107 33273611 24846416219 0
1787571108 33273748 24846428526 0
1787571109 33273908 24846440454 0
1787571110 33274084 24846452514 0
1787571111 33274236 24846464517 0
1787571112 33274417 24846476272 0
1787571113 33274590 24846488000 0
1787571115 33274714 24846499839 0
1787571116 33274853 24846511966 0
1787571117 33274973 24846523959 0
1787571118 33275120 24846535905 0
1787571119 33275267 24846547825 0
1787571120 33275458 24846559722 0
1787571121 33275610 24846571599 0
1787571122 33275759 24846583265 0
1787571123 33275948 24846595056 0
1787571124 33276094 24846606920 0
1787571125 33276327 24846619077 0
1787571126 33276490 24846630905 0
1787571127 33276638 24846642713 0
1787571128 33276818 24846654410 0
1787571129 33276954 24846665998 0
1787571130 33277104 24846677761 0
1787571131 33277246 24846689566 0
1787571132 33277410 24846701375 0
1787571133 33277603 24846713115 0
1787571134 33277872 24846725242 0
1787571135 33278030 24846737867 0
1787571136 33278184 24846749851 0
1787571137 33278363 24846762115 0
1787571138 33278550 24846773809 0
1787571139 33278658 24846785505 0
1787571140 33278810 24846797356 0
1787571141 33278984 24846809175 0
1787571142 33279145 24846820879 0
1787571143 33279302 24846832588 0
1787571145 33279508 24846844321 0
1787571146 33279649 24846856064 0
1787571147 33279793 24846868072 0
1787571148 33279984 24846879879 0
1787571149 33280143 24846891545 0
1787571150 33280362 24846903192 0
1787571151 33280555 24846915123 0
1787571152 33280704 24846927015 0
1787571153 33280805 24846938844 0
1787571154 33280869 24846950584 0
