1787571009 33256786 24845346798 0
1787571010 33257055 24845357415 0
1787571011 33257265 24845368834 0
1787571012 33257433 24845379713 0
1787571013 33257633 24845390613 0
1787571014 33257800 24845401294 0
1787571015 33257953 24845411826 0
1787571016 33258096 24845422697 0
1787571017 33258275 24845433556 0
1787571018 33258477 24845444405 0
1787571019 33258699 24845455442 0
1787571020 33258889 24845466641 0
1787571021 33259041 24845477695 0
1787571022 33259225 24845488479 0
1787571023 33259484 24845499193 0
1787571024 33259800 24845510210 0
1787571025 33260085 24845521247 0
1787571026 33260351 24845532263 0
1787571027 33260546 24845543323 0
1787571028 33260735 24845554363 0
1787571029 33260939 24845565554 0
1787571030 33261152 24845576647 0
1787571031 33261317 24845587700 0
1787571032 33261513 24845599003 0
1787571033 33261657 24845610193 0
1787571034 33261818 24845621507 0
1787571035 33261977 24845632813 0
1787571036 33262155 24845643863 0
1787571037 33262340 24845654927 0
1787571038 33262524 24845666160 0
1787571039 33262734 24845677202 0
1787571040 33262932 24845688327 0
1787571041 33263101 24845699578 0
1787571042 33263263 24845710681 0
1787571043 33263421 24845721890 0
1787571045 33263561 24845733081 0
1787571046 33263742 24845744403 0
1787571047 33263937 24845755591 0
1787571048 33264133 24845766727 0
1787571049 33264307 24845777680 0
1787571050 33264510 24845788972 0
1787571051 33264665 24845800190 0
1787571052 33264845 24845811495 0
1787571053 33265014 24845822694 0
1787571054 33265262 24845833759 0
1787571055 33265445 24845844683 0
1787571056 33265627 24845855770 0
1787571057 33265855 24845866925 0
1787571058 33266127 24845877949 0
1787571059 33266388 24845888729 0
1787571060 33266626 24845899698 0
1787571061 33266859 24845910717 0
1787571062 33267101 24845921924 0
1787571063 33267339 24845933054 0
1787571064 33267556 24845944214 0
1787571065 33267744 24845955382 0
1787571066 33267987 24845966532 0
1787571067 33268190 24845977554 0
1787571068 33268355 24845988813 0
1787571069 33268519 24846000044 0
1787571070 33268713 24846011397 0
1787571071 33268849 24846022700 0
1787571072 33268907 24846033984 0
1787571073 33269002 24846045227 0
