1787571090 33270131 24846223715 0
1787571091 33270423 24846234989 0
1787571092 33270621 24846246147 0
1787571093 33270861 24846257433 0
1787571094 33271076 24846268642 0
1787571095 33271273 24846279432 0
1787571096 33271481 24846290440 0
1787571097 33271708 24846301797 0
1787571098 33271902 24846312818 0
1787571099 33272108 24846323891 0
1787571100 33272303 24846335136 0
1787571101 33272539 24846346251 0
1787571102 33272717 24846357218 0
1787571103 33272890 24846368046 0
1787571104 33273103 24846379144 0
1787571105 33273249 24846390811 0
1787571106 33273404 24846402666 0
1787571107 33273565 24846414574 0
1787571108 33273725 24846426508 0
1787571109 33273856 24846438530 0
1787571110 33274053 24846450408 0
1787571111 33274201 24846462447 0
1787571112 33274377 24846474185 0
1787571113 33274558 24846485981 0
1787571114 33274694 24846498059 0
1787571115 33274834 24846509991 0
1787571116 33274950 24846521861 0
1787571117 33275100 24846534013 0
1787571118 33275254 24846545937 0
1787571120 33275436 24846557751 0
1787571121 33275586 24846569700 0
1787571122 33275723 24846581544 0
1787571123 33275903 24846593306 0
1787571124 33276065 24846605620 0
1787571125 33276295 24846617520 0
1787571126 33276469 24846629290 0
1787571127 33276617 24846641326 0
1787571128 33276797 24846652869 0
1787571129 33276933 24846664375 0
1787571130 33277085 24846676193 0
1787571131 33277215 24846688046 0
1787571132 33277377 24846699901 0
1787571133 33277580 24846712063 0
1787571134 33277831 24846723742 0
1787571135 33278005 24846735401 0
1787571136 33278158 24846747255 0
1787571137 33278336 24846759015 0
1787571138 33278524 24846770722 0
1787571139 33278629 24846782344 0
1787571140 33278768 24846794207 0
1787571141 33278949 24846806188 0
1787571142 33279103 24846817857 0
1787571143 33279261 24846829650 0
1787571144 33279452 24846841552 0
1787571145 33279611 24846853436 0
1787571146 33279764 24846865317 0
1787571147 33279954 24846877092 0
1787571148 33280092 24846888784 0
1787571149 33280318 24846900502 0
1787571151 33280541 24846913901 0
1787571152 33280675 24846925738 0
1787571153 33280793 24846937548 0
1787571154 33280863 24846949385 0
