1787571253 33295079 24848098064 0
1787571254 33295346 24848109931 0
1787571255 33295608 24848121662 0
1787571256 33295902 24848133357 0
1787571257 33296160 24848145029 0
1787571258 33296411 24848156871 0
1787571259 33296692 24848168586 0
1787571260 33296980 24848181059 0
1787571261 33297206 24848193042 0
1787571262 33297474 24848205647 0
1787571263 33297636 24848218506 0
1787571264 33297790 24848230461 0
1787571265 33297939 24848242536 0
1787571266 33298104 24848254454 0
1787571267 33298249 24848266494 0
1787571268 33298389 24848278550 0
1787571269 33298523 24848290344 0
1787571270 33298707 24848302179 0
1787571271 33298827 24848314030 0
1787571272 33299020 24848324889 0
1787571273 33299199 24848335170 0
1787571274 33299411 24848346959 0
1787571275 33299669 24848358849 0
1787571276 33299873 24848370870 0
1787571277 33300057 24848382693 0
1787571278 33300245 24848394255 0
1787571279 33300400 24848405552 0
1787571280 33300562 24848417277 0
1787571281 33300735 24848429647 0
1787571282 33300883 24848441730 0
1787571283 33301072 24848453852 0
1787571285 33301288 24848465874 0
1787571286 33301499 24848477932 0
1787571287 33301716 24848490871 0
1787571288 33301880 24848502838 0
1787571289 33302070 24848515067 0
1787571290 33302257 24848527236 0
1787571291 33302437 24848539391 0
1787571292 33302686 24848551543 0
1787571293 33302857 24848563831 0
1787571294 33303012 24848576081 0
1787571295 33303195 24848588226 0
1787571296 33303372 24848600374 0
1787571297 33303548 24848612569 0
1787571298 33303703 24848624791 0
1787571299 33303902 24848637063 0
1787571300 33304052 24848649191 0
1787571301 33304216 24848661458 0
1787571302 33304426 24848673826 0
1787571303 33304613 24848686116 0
1787571304 33304809 24848698329 0
1787571305 33305017 24848710348 0
1787571306 33305185 24848722426 0
1787571307 33305382 24848734655 0
1787571308 33305576 24848746985 0
1787571309 33305720 24848759214 0
1787571310 33305877 24848771387 0
1787571311 33306064 24848783598 0
1787571312 33306262 24848795854 0
1787571313 33306464 24848808052 0
1787571314 33306678 24848820433 0
1787571315 33306841 24848832692 0
1787571316 33306986 24848844802 0
