1787571009 33256786 24845346795 0
1787571010 33257055 24845357418 0
1787571011 33257243 24845368188 0
1787571012 33257420 24845379034 0
1787571013 33257614 24845389857 0
1787571014 33257776 24845400497 0
1787571015 33257939 24845411142 0
1787571016 33258080 24845422095 0
1787571017 33258267 24845433135 0
1787571018 33258471 24845444137 0
1787571019 33258693 24845455118 0
1787571020 33258879 24845466233 0
1787571021 33259034 24845477390 0
1787571022 33259217 24845488277 0
1787571023 33259478 24845499065 0
1787571024 33259789 24845510029 0
1787571025 33260081 24845521108 0
1787571026 33260351 24845532263 0
1787571027 33260546 24845543353 0
1787571028 33260738 24845554435 0
1787571029 33260941 24845565668 0
1787571030 33261153 24845576701 0
1787571031 33261323 24845587900 0
1787571032 33261516 24845599074 0
1787571033 33261658 24845610257 0
1787571034 33261823 24845621624 0
1787571035 33261978 24845632826 0
1787571036 33262155 24845643867 0
1787571037 33262339 24845654893 0
1787571038 33262523 24845666127 0
1787571039 33262756 24845678082 0
1787571040 33262943 24845689285 0
1787571042 33263113 24845700540 0
1787571043 33263277 24845711710 0
1787571044 33263433 24845722882 0
1787571045 33263581 24845734327 0
1787571046 33263765 24845745794 0
1787571047 33263958 24845756994 0
1787571048 33264156 24845768205 0
1787571049 33264344 24845779181 0
1787571050 33264531 24845790446 0
1787571051 33264687 24845801849 0
1787571052 33264876 24845813238 0
1787571053 33265062 24845824305 0
1787571054 33265286 24845835335 0
1787571055 33265481 24845846231 0
1787571056 33265659 24845857332 0
1787571057 33265880 24845868459 0
1787571058 33266159 24845879176 0
1787571059 33266408 24845889937 0
1787571060 33266655 24845900905 0
1787571061 33266886 24845911852 0
1787571062 33267129 24845922982 0
1787571063 33267363 24845934056 0
1787571064 33267594 24845945536 0
1787571065 33267794 24845957543 0
1787571066 33268046 24845968673 0
1787571067 33268224 24845979696 0
1787571068 33268395 24845990932 0
1787571069 33268580 24846002294 0
1787571070 33268742 24846013693 0
1787571071 33268864 24846024941 0
1787571072 33268927 24846036201 0
1787571074 33269023 24846047352 0
