1787571009 33256785 24845346748 0
1787571010 33257058 24845357467 0
1787571011 33257245 24845368240 0
1787571012 33257422 24845379192 0
1787571013 33257618 24845390066 0
1787571014 33257784 24845400760 0
1787571015 33257942 24845411382 0
1787571016 33258085 24845422270 0
1787571017 33258267 24845433129 0
1787571018 33258469 24845444054 0
1787571019 33258693 24845455108 0
1787571020 33258880 24845466278 0
1787571021 33259033 24845477369 0
1787571022 33259217 24845488284 0
1787571023 33259478 24845499066 0
1787571024 33259826 24845510952 0
1787571025 33260124 24845522625 0
1787571026 33260395 24845533575 0
1787571027 33260584 24845545326 0
1787571028 33260776 24845556351 0
1787571029 33260963 24845567516 0
1787571030 33261175 24845578483 0
1787571031 33261345 24845589553 0
1787571032 33261537 24845600764 0
1787571033 33261684 24845612007 0
1787571034 33261846 24845623353 0
1787571035 33262019 24845634570 0
1787571036 33262203 24845645622 0
1787571037 33262374 24845656622 0
1787571039 33262578 24845667767 0
1787571040 33262792 24845679701 0
1787571041 33262973 24845690923 0
1787571042 33263133 24845702284 0
1787571043 33263299 24845713284 0
1787571044 33263450 24845724374 0
1787571045 33263609 24845735691 0
1787571046 33263792 24845746959 0
1787571047 33263974 24845758256 0
1787571048 33264175 24845769480 0
1787571049 33264369 24845780456 0
1787571050 33264563 24845791782 0
1787571051 33264714 24845802984 0
1787571052 33264894 24845814263 0
1787571053 33265090 24845825364 0
1787571054 33265303 24845836302 0
1787571055 33265503 24845847227 0
1787571056 33265676 24845858361 0
1787571057 33265905 24845869524 0
1787571058 33266175 24845880168 0
1787571059 33266428 24845890977 0
1787571060 33266673 24845901986 0
1787571061 33266910 24845913177 0
1787571062 33267145 24845924201 0
1787571063 33267383 24845935366 0
1787571064 33267612 24845946481 0
1787571065 33267794 24845957565 0
1787571066 33268046 24845968673 0
1787571067 33268226 24845979727 0
1787571068 33268394 24845990925 0
1787571069 33268578 24846002199 0
1787571070 33268741 24846013548 0
1787571071 33268863 24846024826 0
1787571072 33268925 24846036119 0
1787571074 33269022 24846047279 0
