1787570658 33188507 24841490732 0
1787570659 33188813 24841502745 0
1787570660 33189125 24841514267 0
1787570661 33189449 24841525908 0
1787570662 33189741 24841537743 0
1787570663 33189992 24841549361 0
1787570664 33190290 24841561685 0
1787570665 33190601 24841573454 0
1787570666 33190891 24841585649 0
1787570668 33191188 24841597251 0
1787570669 33191502 24841608936 0
1787570670 33191783 24841620650 0
1787570671 33191994 24841632287 0
1787570672 33192149 24841643994 0
1787570673 33192321 24841655774 0
1787570674 33192534 24841667466 0
1787570675 33192715 24841679113 0
1787570676 33192912 24841690800 0
1787570677 33193137 24841702586 0
1787570678 33193304 24841714300 0
1787570679 33193462 24841726099 0
1787570680 33193637 24841737955 0
1787570681 33193820 24841749752 0
1787570682 33193997 24841761743 0
1787570683 33194161 24841773451 0
1787570684 33194335 24841785263 0
1787570685 33194490 24841797058 0
1787570686 33194704 24841808871 0
1787570687 33194875 24841820688 0
1787570688 33195086 24841832641 0
1787570689 33195262 24841844450 0
1787570690 33195462 24841856141 0
1787570691 33195649 24841867679 0
1787570692 33195870 24841879355 0
1787570693 33196070 24841891117 0
1787570694 33196254 24841902927 0
1787570695 33196419 24841914384 0
1787570696 33196606 24841925947 0
1787570697 33196787 24841937607 0
1787570698 33196969 24841949204 0
1787570699 33197162 24841960798 0
1787570700 33197359 24841972371 0
1787570702 33197535 24841983870 0
1787570703 33197695 24841995317 0
1787570704 33197846 24842006816 0
1787570705 33198015 24842018132 0
1787570706 33198220 24842029595 0
1787570707 33198434 24842041100 0
1787570708 33198632 24842052587 0
1787570709 33198790 24842064192 0
1787570710 33198968 24842075861 0
1787570711 33199192 24842087298 0
1787570712 33199349 24842098804 0
1787570713 33199516 24842110127 0
1787570714 33199701 24842121660 0
1787570715 33199896 24842133040 0
1787570716 33200095 24842144468 0
1787570717 33200265 24842155922 0
1787570718 33200432 24842167500 0
1787570719 33200564 24842179197 0
1787570720 33200770 24842190921 0
1787570721 33201000 24842202491 0
1787570722 33201203 24842213814 0
