1787570658 33188507 24841490733 0
1787570659 33188797 24841502273 0
1787570660 33189129 24841514518 0
1787570661 33189451 24841525982 0
1787570662 33189735 24841537605 0
1787570663 33189997 24841549577 0
1787570664 33190280 24841561214 0
1787570665 33190609 24841573669 0
1787570667 33190898 24841586061 0
1787570668 33191202 24841597688 0
1787570669 33191517 24841609340 0
1787570670 33191793 24841620914 0
1787570671 33192000 24841632579 0
1787570672 33192153 24841644279 0
1787570673 33192330 24841656021 0
1787570674 33192539 24841667653 0
1787570675 33192720 24841679319 0
1787570676 33192916 24841691074 0
1787570677 33193145 24841702883 0
1787570678 33193310 24841714585 0
1787570679 33193465 24841726267 0
1787570680 33193656 24841738824 0
1787570681 33193835 24841750605 0
1787570682 33194011 24841762510 0
1787570683 33194176 24841774230 0
1787570684 33194347 24841785911 0
1787570685 33194501 24841797696 0
1787570686 33194717 24841809431 0
1787570687 33194886 24841821091 0
1787570688 33195090 24841832897 0
1787570689 33195270 24841844766 0
1787570690 33195468 24841856435 0
1787570691 33195656 24841868137 0
1787570692 33195881 24841879700 0
1787570693 33196075 24841891284 0
1787570694 33196256 24841903017 0
1787570695 33196415 24841914314 0
1787570696 33196607 24841925976 0
1787570697 33196787 24841937606 0
1787570698 33196969 24841949193 0
1787570700 33197176 24841961343 0
1787570701 33197365 24841972899 0
1787570702 33197549 24841984526 0
1787570703 33197704 24841996112 0
1787570704 33197855 24842007583 0
1787570705 33198052 24842019402 0
1787570706 33198244 24842030750 0
1787570707 33198458 24842042197 0
1787570708 33198660 24842053745 0
1787570709 33198807 24842065351 0
1787570710 33199008 24842077738 0
1787570711 33199237 24842090140 0
1787570712 33199420 24842102286 0
1787570713 33199600 24842114559 0
1787570714 33199772 24842126041 0
1787570715 33199975 24842137568 0
1787570716 33200161 24842148895 0
1787570717 33200338 24842160372 0
1787570718 33200494 24842172512 0
1787570719 33200652 24842184061 0
1787570721 33200868 24842196105 0
1787570722 33201095 24842207540 0
