1787570418 33140333 24838799757 0
1787570420 33140637 24838811720 0
1787570421 33140845 24838823552 0
1787570422 33141090 24838835316 0
1787570423 33141319 24838846962 0
1787570424 33141531 24838858548 0
1787570425 33141735 24838870247 0
1787570426 33141969 24838882012 0
1787570427 33142219 24838893804 0
1787570428 33142442 24838905462 0
1787570429 33142648 24838917201 0
1787570430 33142921 24838929031 0
1787570431 33143225 24838940790 0
1787570432 33143467 24838952501 0
1787570433 33143769 24838964271 0
1787570434 33144020 24838976032 0
1787570435 33144251 24838987694 0
1787570436 33144491 24838999395 0
1787570437 33144745 24839011084 0
1787570438 33144977 24839022691 0
1787570439 33145235 24839034831 0
1787570440 33145416 24839046130 0
1787570441 33145624 24839057648 0
1787570442 33145878 24839068892 0
1787570443 33146119 24839080349 0
1787570444 33146372 24839091731 0
1787570445 33146636 24839103158 0
1787570446 33146941 24839115210 0
1787570447 33147203 24839126474 0
1787570448 33147462 24839137742 0
1787570449 33147670 24839149065 0
1787570450 33147908 24839160183 0
1787570451 33148152 24839171439 0
1787570452 33148407 24839182491 0
1787570453 33148624 24839193795 0
1787570454 33148854 24839205222 0
1787570455 33149094 24839216371 0
1787570456 33149339 24839227403 0
1787570457 33149597 24839238626 0
1787570458 33149831 24839249822 0
1787570459 33150058 24839260884 0
1787570461 33150310 24839271978 0
1787570462 33150598 24839283207 0
1787570463 33150876 24839294338 0
1787570464 33151203 24839305204 0
1787570465 33151460 24839316004 0
1787570466 33151771 24839326708 0
1787570467 33152080 24839337813 0
1787570468 33152334 24839348369 0
1787570469 33152582 24839359342 0
1787570470 33152829 24839370178 0
1787570471 33153047 24839380968 0
1787570472 33153263 24839391571 0
1787570473 33153495 24839402152 0
1787570474 33153755 24839412863 0
1787570475 33154018 24839424138 0
1787570476 33154377 24839435607 0
1787570477 33154714 24839447188 0
1787570478 33155114 24839459188 0
1787570479 33155462 24839470491 0
1787570480 33155720 24839481782 0
1787570481 33155817 24839493356 0
1787570482 33155914 24839504889 0
