1787571090 33270131 24846223716 0
1787571091 33270421 24846234933 0
1787571092 33270621 24846246154 0
1787571093 33270860 24846257416 0
1787571094 33271071 24846268454 0
1787571095 33271269 24846279250 0
1787571096 33271481 24846290436 0
1787571097 33271725 24846302302 0
1787571098 33271914 24846313415 0
1787571099 33272120 24846324425 0
1787571100 33272311 24846335559 0
1787571101 33272542 24846346575 0
1787571102 33272724 24846357498 0
1787571103 33272903 24846368337 0
1787571104 33273110 24846379350 0
1787571105 33273252 24846390939 0
1787571106 33273406 24846402784 0
1787571107 33273571 24846414662 0
1787571108 33273726 24846426517 0
1787571109 33273854 24846438463 0
1787571110 33274052 24846450258 0
1787571111 33274194 24846462256 0
1787571112 33274372 24846474038 0
1787571113 33274551 24846485811 0
1787571114 33274684 24846497594 0
1787571115 33274829 24846509557 0
1787571116 33274946 24846521476 0
1787571117 33275090 24846533427 0
1787571118 33275249 24846545341 0
1787571119 33275430 24846557214 0
1787571120 33275579 24846569110 0
1787571122 33275713 24846580697 0
1787571123 33275885 24846592432 0
1787571124 33276043 24846604465 0
1787571125 33276260 24846616396 0
1787571126 33276448 24846628244 0
1787571127 33276597 24846640007 0
1787571128 33276780 24846651781 0
1787571129 33276914 24846663285 0
1787571130 33277070 24846675215 0
1787571131 33277202 24846687045 0
1787571132 33277361 24846699026 0
1787571133 33277553 24846710791 0
1787571134 33277787 24846722377 0
1787571135 33277981 24846734334 0
1787571136 33278150 24846746104 0
1787571137 33278322 24846758016 0
1787571138 33278518 24846770092 0
1787571139 33278624 24846781758 0
1787571140 33278761 24846793662 0
1787571141 33278942 24846805571 0
1787571142 33279095 24846817233 0
1787571143 33279250 24846828969 0
1787571144 33279431 24846840728 0
1787571145 33279597 24846852440 0
1787571146 33279755 24846864299 0
1787571147 33279939 24846876070 0
1787571148 33280076 24846887904 0
1787571149 33280298 24846899764 0
1787571150 33280471 24846911493 0
1787571151 33280650 24846923473 0
1787571152 33280767 24846935341 0
1787571153 33280852 24846947178 0
1787571154 33280907 24846958874 0
