1787570658 33188507 24841490737 0
1787570659 33188798 24841502345 0
1787570660 33189118 24841513938 0
1787570661 33189464 24841526287 0
1787570662 33189764 24841538684 0
1787570663 33190042 24841551182 0
1787570664 33190310 24841562827 0
1787570665 33190628 24841574472 0
1787570667 33190898 24841586071 0
1787570668 33191202 24841597695 0
1787570669 33191519 24841609400 0
1787570670 33191793 24841620932 0
1787570671 33191999 24841632570 0
1787570672 33192153 24841644281 0
1787570673 33192331 24841656043 0
1787570674 33192543 24841667849 0
1787570675 33192726 24841679562 0
1787570676 33192921 24841691276 0
1787570677 33193148 24841703034 0
1787570678 33193313 24841714684 0
1787570679 33193469 24841726348 0
1787570680 33193643 24841738236 0
1787570681 33193826 24841750018 0
1787570682 33194001 24841761888 0
1787570683 33194170 24841773764 0
1787570684 33194343 24841785645 0
1787570685 33194496 24841797343 0
1787570686 33194707 24841809028 0
1787570687 33194875 24841820688 0
1787570688 33195087 24841832714 0
1787570689 33195265 24841844541 0
1787570690 33195465 24841856321 0
1787570691 33195653 24841868021 0
1787570692 33195881 24841879679 0
1787570693 33196085 24841891853 0
1787570694 33196269 24841903641 0
1787570695 33196441 24841915373 0
1787570696 33196627 24841926937 0
1787570697 33196804 24841938563 0
1787570699 33196989 24841950142 0
1787570700 33197188 24841961929 0
1787570701 33197379 24841973519 0
1787570702 33197559 24841985073 0
1787570703 33197711 24841996569 0
1787570704 33197863 24842008055 0
1787570705 33198056 24842019487 0
1787570706 33198247 24842030878 0
1787570707 33198459 24842042241 0
1787570708 33198659 24842053670 0
1787570709 33198805 24842065278 0
1787570710 33198996 24842077075 0
1787570711 33199224 24842089417 0
1787570712 33199390 24842101060 0
1787570713 33199571 24842112297 0
1787570714 33199735 24842123902 0
1787570715 33199932 24842135353 0
1787570716 33200121 24842146673 0
1787570717 33200288 24842158083 0
1787570718 33200459 24842169709 0
1787570719 33200600 24842181292 0
1787570720 33200795 24842192944 0
1787570721 33201025 24842204417 0
1787570722 33201238 24842215882 0
