1787570418 33140332 24838799740 0
1787570420 33140632 24838811563 0
1787570421 33140840 24838823442 0
1787570422 33141090 24838835326 0
1787570423 33141321 24838847030 0
1787570424 33141534 24838858655 0
1787570425 33141744 24838870464 0
1787570426 33141977 24838882211 0
1787570427 33142225 24838894007 0
1787570428 33142450 24838905764 0
1787570429 33142653 24838917514 0
1787570430 33142929 24838929319 0
1787570431 33143233 24838941108 0
1787570432 33143472 24838952712 0
1787570433 33143772 24838964433 0
1787570434 33144022 24838976166 0
1787570435 33144255 24838987813 0
1787570436 33144497 24838999538 0
1787570437 33144749 24839011310 0
1787570438 33144986 24839022898 0
1787570439 33145226 24839034448 0
1787570440 33145419 24839046261 0
1787570441 33145628 24839057818 0
1787570442 33145888 24839069204 0
1787570443 33146130 24839080782 0
1787570444 33146387 24839092197 0
1787570445 33146647 24839103633 0
1787570446 33146934 24839114925 0
1787570447 33147200 24839126233 0
1787570448 33147453 24839137545 0
1787570449 33147667 24839148963 0
1787570450 33147904 24839160038 0
1787570451 33148146 24839171231 0
1787570452 33148400 24839182210 0
1787570453 33148614 24839193491 0
1787570454 33148841 24839204935 0
1787570455 33149090 24839216228 0
1787570456 33149335 24839227281 0
1787570457 33149591 24839238407 0
1787570458 33149830 24839249665 0
1787570459 33150055 24839260701 0
1787570460 33150306 24839271758 0
1787570462 33150585 24839282811 0
1787570463 33150862 24839293857 0
1787570464 33151192 24839304738 0
1787570465 33151449 24839315589 0
1787570466 33151738 24839326244 0
1787570467 33152058 24839337048 0
1787570468 33152318 24839347582 0
1787570469 33152559 24839358446 0
1787570470 33152803 24839369228 0
1787570471 33153028 24839380148 0
1787570472 33153240 24839390791 0
1787570473 33153481 24839401430 0
1787570474 33153739 24839412217 0
1787570475 33153999 24839423469 0
1787570476 33154358 24839434877 0
1787570477 33154713 24839447174 0
1787570478 33155108 24839458927 0
1787570479 33155456 24839470240 0
1787570480 33155712 24839481499 0
1787570481 33155808 24839492923 0
1787570482 33155896 24839504404 0
