1787568624 32975309 24817677910 0
1787568625 32975615 24817690551 0
1787568626 32975941 24817703854 0
1787568627 32976265 24817716945 0
1787568628 32976577 24817729077 0
1787568630 32976878 24817741642 0
1787568631 32977148 24817753979 0
1787568632 32977437 24817766108 0
1787568633 32977757 24817778359 0
1787568634 32978045 24817790687 0
1787568635 32978360 24817802808 0
1787568636 32978676 24817815035 0
1787568637 32978902 24817827272 0
1787568638 32979162 24817839438 0
1787568639 32979352 24817851645 0
1787568640 32979571 24817864127 0
1787568641 32979773 24817876408 0
1787568642 32979958 24817888596 0
1787568643 32980136 24817900876 0
1787568644 32980279 24817913034 0
1787568645 32980506 24817925249 0
1787568646 32980683 24817937454 0
1787568647 32980796 24817949585 0
1787568648 32980983 24817961911 0
1787568649 32981164 24817974101 0
1787568650 32981338 24817986242 0
1787568651 32981467 24817998399 0
1787568652 32981623 24818010722 0
1787568653 32981778 24818022911 0
1787568654 32981916 24818035283 0
1787568655 32982093 24818047314 0
1787568656 32982239 24818059551 0
1787568657 32982386 24818071622 0
1787568658 32982552 24818083756 0
1787568659 32982714 24818095853 0
1787568660 32982877 24818108119 0
1787568662 32983026 24818120446 0
1787568663 32983201 24818133653 0
1787568664 32983370 24818145972 0
1787568665 32983543 24818158279 0
1787568666 32983681 24818170496 0
1787568667 32983861 24818182667 0
1787568668 32984063 24818194877 0
1787568669 32984239 24818207119 0
1787568670 32984401 24818219292 0
1787568671 32984551 24818231569 0
1787568672 32984712 24818243803 0
1787568673 32984839 24818256015 0
1787568674 32984988 24818268209 0
1787568675 32985157 24818280463 0
1787568676 32985334 24818292589 0
1787568677 32985511 24818304830 0
1787568678 32985664 24818317071 0
1787568679 32985831 24818330029 0
1787568680 32986021 24818342159 0
1787568681 32986204 24818354876 0
1787568682 32986328 24818367115 0
1787568683 32986490 24818379274 0
1787568684 32986586 24818392099 0
1787568685 32986758 24818404396 0
1787568686 32986940 24818416625 0
1787568687 32987080 24818428739 0
1787568688 32987224 24818441754 0
