1787570418 33140332 24838799750 0
1787570420 33140637 24838811744 0
1787570421 33140845 24838823573 0
1787570422 33141094 24838835404 0
1787570423 33141323 24838847111 0
1787570424 33141534 24838858684 0
1787570425 33141740 24838870387 0
1787570426 33141977 24838882205 0
1787570427 33142225 24838894002 0
1787570428 33142450 24838905774 0
1787570429 33142651 24838917423 0
1787570430 33142928 24838929279 0
1787570431 33143233 24838941089 0
1787570432 33143470 24838952659 0
1787570433 33143771 24838964391 0
1787570434 33144027 24838976320 0
1787570435 33144258 24838987883 0
1787570436 33144500 24838999611 0
1787570437 33144748 24839011285 0
1787570438 33144984 24839022875 0
1787570439 33145225 24839034436 0
1787570440 33145409 24839045735 0
1787570441 33145617 24839057264 0
1787570442 33145869 24839068508 0
1787570443 33146103 24839079879 0
1787570444 33146354 24839091382 0
1787570445 33146629 24839102855 0
1787570446 33146928 24839114675 0
1787570447 33147194 24839125987 0
1787570448 33147446 24839137227 0
1787570449 33147659 24839148606 0
1787570450 33147898 24839159787 0
1787570451 33148138 24839170957 0
1787570452 33148397 24839182088 0
1787570453 33148621 24839193746 0
1787570454 33148851 24839205167 0
1787570455 33149097 24839216428 0
1787570456 33149340 24839227447 0
1787570457 33149599 24839238667 0
1787570458 33149831 24839249837 0
1787570459 33150059 24839260930 0
1787570461 33150310 24839271977 0
1787570462 33150592 24839283079 0
1787570463 33150870 24839294146 0
1787570464 33151199 24839305078 0
1787570465 33151459 24839315984 0
1787570466 33151770 24839326691 0
1787570467 33152066 24839337268 0
1787570468 33152324 24839347782 0
1787570469 33152565 24839358598 0
1787570470 33152807 24839369372 0
1787570471 33153028 24839380174 0
1787570472 33153243 24839390846 0
1787570473 33153480 24839401412 0
1787570474 33153755 24839412876 0
1787570475 33154020 24839424150 0
1787570476 33154377 24839435608 0
1787570477 33154712 24839447166 0
1787570478 33155105 24839458863 0
1787570479 33155452 24839470148 0
1787570480 33155712 24839481499 0
1787570481 33155808 24839492938 0
1787570482 33155898 24839504451 0
