1787570244 33093391 24836801634 0
1787570245 33093698 24836814210 0
1787570246 33094063 24836826165 0
1787570247 33094433 24836838092 0
1787570249 33094800 24836849909 0
1787570250 33095198 24836863480 0
1787570251 33095517 24836875134 0
1787570252 33095897 24836887377 0
1787570253 33096285 24836899188 0
1787570254 33096716 24836911536 0
1787570255 33097153 24836923249 0
1787570256 33097510 24836935657 0
1787570257 33097864 24836947790 0
1787570258 33098207 24836960346 0
1787570259 33098586 24836972338 0
1787570260 33098974 24836984394 0
1787570261 33099319 24836996340 0
1787570262 33099580 24837008248 0
1787570263 33099848 24837020259 0
1787570264 33100108 24837032290 0
1787570265 33100370 24837044319 0
1787570266 33100730 24837056346 0
1787570267 33101093 24837068489 0
1787570268 33101404 24837080553 0
1787570269 33101709 24837092672 0
1787570270 33102045 24837104967 0
1787570271 33102391 24837117020 0
1787570272 33102747 24837129065 0
1787570273 33103137 24837141032 0
1787570274 33103467 24837153000 0
1787570275 33103778 24837164908 0
1787570276 33104070 24837176919 0
1787570277 33104347 24837188746 0
1787570278 33104681 24837200437 0
1787570280 33105012 24837212088 0
1787570281 33105296 24837223843 0
1787570282 33105591 24837235456 0
1787570283 33105878 24837247087 0
1787570284 33106204 24837258850 0
1787570285 33106533 24837270650 0
1787570286 33106866 24837282405 0
1787570287 33107207 24837294222 0
1787570288 33107542 24837305939 0
1787570289 33107871 24837317722 0
1787570290 33108193 24837330165 0
1787570291 33108483 24837341694 0
1787570292 33108783 24837353214 0
1787570293 33109053 24837364836 0
1787570294 33109316 24837376531 0
1787570295 33109582 24837388319 0
1787570296 33109855 24837400074 0
1787570297 33110160 24837412517 0
1787570298 33110507 24837425039 0
1787570299 33110815 24837437531 0
1787570300 33111117 24837449260 0
1787570301 33111436 24837460923 0
1787570302 33111713 24837473082 0
1787570303 33112102 24837485352 0
1787570304 33112386 24837496794 0
1787570306 33112704 24837509007 0
1787570307 33112996 24837520649 0
1787570308 33113331 24837532387 0
