1787570746 33205255 24842477053 0
1787570747 33205482 24842488724 0
1787570748 33205775 24842500655 0
1787570749 33206040 24842512811 0
1787570750 33206313 24842525003 0
1787570751 33206553 24842536380 0
1787570752 33206838 24842547802 0
1787570753 33207122 24842559263 0
1787570754 33207376 24842570526 0
1787570755 33207668 24842582464 0
1787570757 33207957 24842593900 0
1787570758 33208216 24842605567 0
1787570759 33208483 24842616914 0
1787570760 33208767 24842628493 0
1787570761 33209054 24842639882 0
1787570762 33209322 24842651093 0
1787570763 33209610 24842662360 0
1787570764 33209902 24842674009 0
1787570765 33210181 24842685700 0
1787570766 33210439 24842696892 0
1787570767 33210743 24842708713 0
1787570768 33211051 24842720676 0
1787570769 33211310 24842732758 0
1787570770 33211540 24842745026 0
1787570771 33211752 24842756596 0
1787570772 33211957 24842767953 0
1787570773 33212197 24842779270 0
1787570774 33212483 24842790612 0
1787570775 33212745 24842802031 0
1787570776 33212922 24842813581 0
1787570777 33213118 24842825279 0
1787570778 33213319 24842837053 0
1787570779 33213545 24842848785 0
1787570781 33213749 24842860490 0
1787570782 33214025 24842872142 0
1787570783 33214253 24842884163 0
1787570784 33214484 24842896324 0
1787570785 33214675 24842908433 0
1787570786 33214822 24842920456 0
1787570787 33215012 24842932521 0
1787570788 33215160 24842944607 0
1787570789 33215419 24842956564 0
1787570790 33215606 24842968623 0
1787570791 33215802 24842980640 0
1787570792 33216040 24842992614 0
1787570793 33216322 24843004602 0
1787570794 33216576 24843016562 0
1787570795 33216848 24843028572 0
1787570796 33217031 24843040567 0
1787570797 33217226 24843052642 0
1787570798 33217436 24843064585 0
1787570799 33217711 24843076338 0
1787570800 33218029 24843088196 0
1787570801 33218224 24843100062 0
1787570802 33218465 24843112098 0
1787570803 33218652 24843124281 0
1787570804 33218899 24843136432 0
1787570805 33219173 24843148328 0
1787570806 33219483 24843159780 0
1787570807 33219776 24843171428 0
1787570808 33220003 24843183141 0
1787570809 33220258 24843195114 0
1787570811 33220526 24843207522 0
