1787571419 33320289 24850038451 0
1787571420 33320570 24850050113 0
1787571421 33320819 24850061494 0
1787571422 33321107 24850073492 0
1787571423 33321357 24850085622 0
1787571424 33321570 24850097790 0
1787571425 33321809 24850109269 0
1787571427 33322070 24850121104 0
1787571428 33322368 24850132905 0
1787571429 33322617 24850144197 0
1787571430 33322915 24850155878 0
1787571431 33323218 24850167946 0
1787571432 33323479 24850179249 0
1787571433 33323721 24850190892 0
1787571434 33323997 24850202279 0
1787571435 33324242 24850214005 0
1787571436 33324460 24850225178 0
1787571437 33324696 24850236992 0
1787571438 33324917 24850248251 0
1787571439 33325067 24850259311 0
1787571440 33325254 24850270430 0
1787571441 33325397 24850281512 0
1787571442 33325534 24850292781 0
1787571443 33325659 24850303878 0
1787571444 33325835 24850314938 0
1787571445 33325999 24850325745 0
1787571446 33326163 24850336640 0
1787571447 33326339 24850347676 0
1787571448 33326497 24850358850 0
1787571449 33326669 24850369837 0
1787571450 33326836 24850380701 0
1787571452 33327019 24850392267 0
1787571453 33327156 24850403253 0
1787571454 33327352 24850414126 0
1787571455 33327534 24850425012 0
1787571456 33327761 24850435802 0
1787571457 33327976 24850446381 0
1787571458 33328165 24850457032 0
1787571459 33328328 24850467864 0
1787571460 33328504 24850478773 0
1787571461 33328708 24850489319 0
1787571462 33328881 24850499764 0
1787571463 33329105 24850510291 0
1787571464 33329303 24850520635 0
1787571465 33329461 24850531213 0
1787571466 33329668 24850541527 0
1787571467 33329890 24850551791 0
1787571468 33330102 24850562097 0
1787571469 33330322 24850572669 0
1787571470 33330489 24850583283 0
1787571471 33330677 24850593725 0
1787571472 33330830 24850604750 0
1787571473 33330975 24850615782 0
1787571474 33331144 24850626675 0
1787571475 33331296 24850637808 0
1787571476 33331432 24850648893 0
1787571477 33331566 24850660016 0
1787571478 33331723 24850671061 0
1787571479 33331854 24850682250 0
1787571480 33332033 24850693441 0
1787571481 33332258 24850704301 0
1787571482 33332429 24850715588 0
1787571483 33332590 24850726600 0
