1787570746 33205255 24842477051 0
1787570747 33205480 24842488694 0
1787570748 33205754 24842499865 0
1787570749 33206001 24842511109 0
1787570750 33206255 24842522915 0
1787570751 33206523 24842535200 0
1787570752 33206835 24842547630 0
1787570753 33207111 24842558857 0
1787570754 33207382 24842570660 0
1787570755 33207652 24842581904 0
1787570756 33207954 24842593800 0
1787570757 33208206 24842605172 0
1787570759 33208474 24842616475 0
1787570760 33208755 24842627918 0
1787570761 33209048 24842639298 0
1787570762 33209305 24842650468 0
1787570763 33209589 24842661788 0
1787570764 33209871 24842673098 0
1787570765 33210165 24842685088 0
1787570766 33210450 24842697207 0
1787570767 33210756 24842709084 0
1787570768 33211067 24842721114 0
1787570769 33211304 24842732454 0
1787570770 33211523 24842743903 0
1787570771 33211718 24842755367 0
1787570772 33211933 24842766795 0
1787570773 33212183 24842778521 0
1787570774 33212460 24842789833 0
1787570775 33212745 24842802047 0
1787570776 33212922 24842813594 0
1787570777 33213128 24842825592 0
1787570779 33213326 24842837388 0
1787570780 33213557 24842849201 0
1787570781 33213763 24842860949 0
1787570782 33214037 24842872531 0
1787570783 33214258 24842884396 0
1787570784 33214484 24842896324 0
1787570785 33214673 24842908339 0
1787570786 33214820 24842920341 0
1787570787 33215009 24842932297 0
1787570788 33215153 24842944320 0
1787570789 33215407 24842956276 0
1787570790 33215614 24842968989 0
1787570791 33215804 24842980893 0
1787570792 33216053 24842992849 0
1787570793 33216326 24843004733 0
1787570794 33216581 24843016752 0
1787570795 33216851 24843028714 0
1787570796 33217035 24843040675 0
1787570797 33217226 24843052642 0
1787570798 33217441 24843064727 0
1787570799 33217718 24843076524 0
1787570800 33218047 24843089017 0
1787570801 33218238 24843100922 0
1787570802 33218479 24843112962 0
1787570803 33218669 24843125034 0
1787570804 33218912 24843137039 0
1787570805 33219194 24843148991 0
1787570806 33219497 24843160428 0
1787570807 33219794 24843172162 0
1787570808 33220024 24843183949 0
1787570809 33220276 24843195824 0
1787570810 33220530 24843207655 0
