1787571419 33320288 24850038349 0
1787571420 33320564 24850049787 0
1787571421 33320827 24850061762 0
1787571422 33321113 24850073749 0
1787571423 33321346 24850085213 0
1787571424 33321558 24850096630 0
1787571425 33321778 24850108325 0
1787571426 33322040 24850119561 0
1787571427 33322324 24850131332 0
1787571428 33322576 24850142701 0
1787571430 33322864 24850153813 0
1787571431 33323137 24850165267 0
1787571432 33323411 24850176366 0
1787571433 33323639 24850187818 0
1787571434 33323919 24850199248 0
1787571435 33324152 24850210413 0
1787571436 33324372 24850221545 0
1787571437 33324591 24850233299 0
1787571438 33324865 24850244554 0
1787571439 33325022 24850256137 0
1787571440 33325193 24850267157 0
1787571441 33325357 24850278200 0
1787571442 33325485 24850289280 0
1787571443 33325606 24850300438 0
1787571444 33325781 24850311513 0
1787571445 33325943 24850322410 0
1787571446 33326090 24850333216 0
1787571447 33326282 24850344253 0
1787571448 33326440 24850355495 0
1787571449 33326608 24850366913 0
1787571450 33326796 24850377843 0
1787571451 33326972 24850388940 0
1787571452 33327115 24850399989 0
1787571453 33327275 24850410744 0
1787571454 33327496 24850421702 0
1787571455 33327707 24850432396 0
1787571456 33327930 24850442929 0
1787571457 33328094 24850453556 0
1787571458 33328277 24850464160 0
1787571459 33328437 24850474958 0
1787571460 33328628 24850485553 0
1787571461 33328827 24850495967 0
1787571462 33328991 24850506431 0
1787571463 33329244 24850516760 0
1787571465 33329395 24850527153 0
1787571466 33329565 24850537567 0
1787571467 33329800 24850547845 0
1787571468 33330022 24850558082 0
1787571469 33330217 24850568579 0
1787571470 33330421 24850579187 0
1787571471 33330604 24850589582 0
1787571472 33330780 24850600474 0
1787571473 33330925 24850611747 0
1787571474 33331066 24850622995 0
1787571475 33331245 24850634059 0
1787571476 33331380 24850645067 0
1787571477 33331519 24850656182 0
1787571478 33331662 24850667215 0
1787571479 33331811 24850678406 0
1787571480 33331965 24850689630 0
1787571481 33332190 24850700561 0
1787571482 33332362 24850711740 0
1787571483 33332538 24850722704 0
