1787571419 33320289 24850038451 0
1787571420 33320576 24850050290 0
1787571421 33320845 24850062543 0
1787571422 33321116 24850073865 0
1787571423 33321348 24850085352 0
1787571424 33321559 24850096759 0
1787571425 33321775 24850108202 0
1787571427 33322043 24850120002 0
1787571428 33322346 24850132200 0
1787571429 33322595 24850143522 0
1787571430 33322882 24850154592 0
1787571431 33323166 24850165983 0
1787571432 33323418 24850177110 0
1787571433 33323677 24850188959 0
1787571434 33323933 24850200305 0
1787571435 33324180 24850211499 0
1787571436 33324403 24850222720 0
1787571437 33324609 24850233977 0
1787571438 33324884 24850245340 0
1787571439 33325027 24850256405 0
1787571440 33325197 24850267442 0
1787571441 33325361 24850278493 0
1787571442 33325493 24850289603 0
1787571443 33325613 24850300788 0
1787571444 33325786 24850311798 0
1787571445 33325948 24850322691 0
1787571446 33326099 24850333558 0
1787571447 33326289 24850344472 0
1787571448 33326443 24850355754 0
1787571449 33326607 24850366865 0
1787571450 33326796 24850377844 0
1787571451 33326970 24850388815 0
1787571452 33327114 24850399947 0
1787571453 33327275 24850410730 0
1787571454 33327494 24850421670 0
1787571455 33327706 24850432325 0
1787571456 33327929 24850442907 0
1787571457 33328094 24850453531 0
1787571458 33328278 24850464180 0
1787571459 33328440 24850475042 0
1787571460 33328631 24850485732 0
1787571461 33328830 24850496099 0
1787571462 33328997 24850506557 0
1787571463 33329246 24850516823 0
1787571465 33329399 24850527284 0
1787571466 33329569 24850537722 0
1787571467 33329805 24850547974 0
1787571468 33330026 24850558241 0
1787571469 33330220 24850568772 0
1787571470 33330428 24850579431 0
1787571471 33330610 24850589795 0
1787571472 33330783 24850600756 0
1787571473 33330928 24850611868 0
1787571474 33331060 24850622744 0
1787571475 33331241 24850633934 0
1787571476 33331379 24850645015 0
1787571477 33331519 24850656179 0
1787571478 33331664 24850667243 0
1787571479 33331812 24850678458 0
1787571480 33331969 24850689837 0
1787571481 33332226 24850702603 0
1787571482 33332423 24850715463 0
1787571483 33332604 24850727421 0
