1787570746 33205256 24842477078 0
1787570747 33205471 24842488307 0
1787570748 33205760 24842500152 0
1787570749 33206027 24842512306 0
1787570750 33206301 24842524591 0
1787570751 33206545 24842536077 0
1787570752 33206845 24842548023 0
1787570753 33207122 24842559298 0
1787570754 33207371 24842570407 0
1787570755 33207645 24842581682 0
1787570756 33207935 24842593082 0
1787570757 33208197 24842604755 0
1787570759 33208469 24842616077 0
1787570760 33208747 24842627634 0
1787570761 33209042 24842639013 0
1787570762 33209303 24842650281 0
1787570763 33209582 24842661561 0
1787570764 33209859 24842672749 0
1787570765 33210126 24842683972 0
1787570766 33210405 24842695168 0
1787570767 33210659 24842706228 0
1787570768 33210992 24842718388 0
1787570769 33211253 24842730349 0
1787570770 33211489 24842741735 0
1787570771 33211657 24842753156 0
1787570772 33211897 24842764628 0
1787570773 33212089 24842775896 0
1787570774 33212410 24842787878 0
1787570775 33212715 24842800203 0
1787570776 33212885 24842811757 0
1787570777 33213083 24842823399 0
1787570778 33213293 24842835162 0
1787570779 33213502 24842847055 0
1787570780 33213722 24842858785 0
1787570781 33213988 24842870537 0
1787570782 33214223 24842882321 0
1787570783 33214444 24842894292 0
1787570784 33214644 24842906274 0
1787570786 33214794 24842918268 0
1787570787 33214973 24842930244 0
1787570788 33215125 24842942147 0
1787570789 33215355 24842954434 0
1787570790 33215586 24842967241 0
1787570791 33215782 24842979201 0
1787570792 33216005 24842991276 0
1787570793 33216291 24843003154 0
1787570794 33216543 24843015094 0
1787570795 33216816 24843027062 0
1787570796 33217003 24843038956 0
1787570797 33217200 24843050967 0
1787570798 33217391 24843062998 0
1787570799 33217668 24843074876 0
1787570800 33217993 24843086797 0
1787570801 33218205 24843098741 0
1787570802 33218444 24843110754 0
1787570803 33218620 24843122794 0
1787570804 33218855 24843134801 0
1787570805 33219121 24843146779 0
1787570806 33219469 24843159058 0
1787570807 33219759 24843170768 0
1787570808 33219987 24843182678 0
1787570809 33220238 24843194485 0
1787570810 33220506 24843206324 0
