1787570244 33093420 24836802676 0
1787570245 33093706 24836814437 0
1787570246 33094064 24836826196 0
1787570247 33094452 24836838545 0
1787570249 33094813 24836850367 0
1787570250 33095177 24836862666 0
1787570251 33095517 24836875132 0
1787570252 33095878 24836886705 0
1787570253 33096283 24836899154 0
1787570254 33096700 24836910884 0
1787570255 33097154 24836923277 0
1787570256 33097504 24836935059 0
1787570257 33097842 24836947086 0
1787570258 33098167 24836959407 0
1787570259 33098553 24836971445 0
1787570260 33098947 24836983588 0
1787570261 33099301 24836995451 0
1787570262 33099561 24837007569 0
1787570263 33099836 24837019543 0
1787570264 33100091 24837031621 0
1787570265 33100346 24837043648 0
1787570266 33100708 24837055671 0
1787570267 33101080 24837067865 0
1787570268 33101384 24837079979 0
1787570269 33101689 24837092090 0
1787570270 33102015 24837104333 0
1787570271 33102370 24837116392 0
1787570272 33102726 24837128445 0
1787570273 33103109 24837140425 0
1787570274 33103448 24837152402 0
1787570275 33103753 24837164300 0
1787570276 33104050 24837176322 0
1787570277 33104332 24837188321 0
1787570278 33104666 24837200024 0
1787570279 33105003 24837211735 0
1787570281 33105285 24837223366 0
1787570282 33105580 24837235138 0
1787570283 33105875 24837246928 0
1787570284 33106199 24837258697 0
1787570285 33106544 24837271131 0
1787570286 33106878 24837282961 0
1787570287 33107229 24837294991 0
1787570288 33107569 24837306762 0
1787570289 33107894 24837318560 0
1787570290 33108197 24837330296 0
1787570291 33108490 24837341904 0
1787570292 33108789 24837353392 0
1787570293 33109057 24837364970 0
1787570294 33109322 24837376763 0
1787570295 33109590 24837388553 0
1787570296 33109863 24837400229 0
1787570297 33110173 24837412891 0
1787570298 33110492 24837424621 0
1787570299 33110775 24837436187 0
1787570300 33111076 24837447916 0
1787570301 33111397 24837459686 0
1787570302 33111681 24837472112 0
1787570303 33112055 24837483623 0
1787570304 33112355 24837495730 0
1787570305 33112649 24837507185 0
1787570306 33112947 24837518710 0
1787570308 33113271 24837530499 0
