1787570498 33158105 24839686320 0
1787570499 33158402 24839697889 0
1787570500 33158781 24839709457 0
1787570501 33159092 24839721015 0
1787570502 33159405 24839732604 0
1787570503 33159712 24839744204 0
1787570504 33159983 24839755876 0
1787570505 33160227 24839767469 0
1787570506 33160473 24839778974 0
1787570507 33160763 24839790638 0
1787570508 33161107 24839800641 0
1787570509 33161433 24839810598 0
1787570510 33161727 24839822000 0
1787570512 33161999 24839833430 0
1787570513 33162302 24839844452 0
1787570514 33162595 24839855870 0
1787570515 33162883 24839867383 0
1787570516 33163197 24839878572 0
1787570517 33163483 24839889714 0
1787570518 33163732 24839900775 0
1787570519 33164001 24839912204 0
1787570520 33164277 24839923604 0
1787570521 33164612 24839935481 0
1787570522 33164924 24839946832 0
1787570523 33165211 24839958149 0
1787570524 33165467 24839969585 0
1787570525 33165754 24839981020 0
1787570526 33165989 24839992470 0
1787570527 33166267 24840003869 0
1787570528 33166582 24840015331 0
1787570529 33166872 24840026998 0
1787570530 33167095 24840038821 0
1787570531 33167297 24840050415 0
1787570532 33167515 24840062076 0
1787570533 33167719 24840073756 0
1787570534 33167966 24840085514 0
1787570535 33168194 24840097254 0
1787570536 33168436 24840108771 0
1787570537 33168634 24840120357 0
1787570538 33168907 24840131877 0
1787570539 33169172 24840143612 0
1787570540 33169445 24840155080 0
1787570541 33169677 24840166659 0
1787570542 33169937 24840179188 0
1787570543 33170172 24840190791 0
1787570544 33170494 24840202196 0
1787570545 33170764 24840213653 0
1787570547 33170990 24840225077 0
1787570548 33171212 24840236640 0
1787570549 33171440 24840248285 0
1787570550 33171642 24840259875 0
1787570551 33171850 24840271358 0
1787570552 33172071 24840282884 0
1787570553 33172286 24840294531 0
1787570554 33172534 24840305967 0
1787570555 33172810 24840317698 0
1787570556 33173032 24840329286 0
1787570557 33173266 24840340710 0
1787570558 33173471 24840352200 0
1787570559 33173714 24840363696 0
1787570560 33173971 24840375045 0
1787570561 33174200 24840386266 0
1787570562 33174410 24840397643 0
