1787568463 32946172 24815762868 0
1787568464 32946380 24815775318 0
1787568465 32946594 24815788309 0
1787568466 32946713 24815800635 0
1787568467 32946894 24815813030 0
1787568468 32947167 24815825291 0
1787568469 32947385 24815837498 0
1787568470 32947557 24815849807 0
1787568471 32947736 24815862043 0
1787568472 32947933 24815874228 0
1787568473 32948213 24815886220 0
1787568474 32948498 24815898497 0
1787568476 32948767 24815910706 0
1787568477 32949099 24815922954 0
1787568478 32949502 24815935072 0
1787568479 32949863 24815947171 0
1787568480 32950246 24815959337 0
1787568481 32950612 24815971646 0
1787568482 32950921 24815983669 0
1787568483 32951296 24815995814 0
1787568484 32951632 24816007999 0
1787568485 32951974 24816020144 0
1787568486 32952216 24816032199 0
1787568487 32952490 24816044411 0
1787568488 32952694 24816056728 0
1787568489 32952927 24816068929 0
1787568490 32953154 24816081377 0
1787568491 32953398 24816093554 0
1787568492 32953642 24816105844 0
1787568493 32953846 24816118122 0
1787568494 32954085 24816130420 0
1787568495 32954307 24816142733 0
1787568496 32954505 24816154940 0
1787568497 32954748 24816167105 0
1787568498 32955011 24816179459 0
1787568499 32955218 24816191802 0
1787568500 32955498 24816204056 0
1787568501 32955711 24816216318 0
1787568502 32955933 24816228632 0
1787568503 32956181 24816240850 0
1787568504 32956389 24816253015 0
1787568505 32956611 24816265384 0
1787568506 32956875 24816277710 0
1787568507 32957105 24816289848 0
1787568509 32957310 24816302012 0
1787568510 32957520 24816314360 0
1787568511 32957702 24816326621 0
1787568512 32957890 24816338838 0
1787568513 32958105 24816351221 0
1787568514 32958314 24816363460 0
1787568515 32958546 24816376357 0
1787568516 32958772 24816388662 0
1787568517 32958990 24816400848 0
1787568518 32959191 24816413106 0
1787568519 32959425 24816425237 0
1787568520 32959659 24816437485 0
1787568521 32959887 24816449659 0
1787568522 32960074 24816461825 0
1787568523 32960280 24816474044 0
1787568524 32960489 24816486318 0
1787568525 32960690 24816498534 0
1787568526 32960895 24816510952 0
1787568527 32961077 24816523233 0
