1787570848 33228232 24843631113 0
1787570849 33228472 24843641575 0
1787570850 33228745 24843652271 0
1787570851 33228989 24843662852 0
1787570852 33229164 24843673533 0
1787570853 33229394 24843684553 0
1787570854 33229641 24843695843 0
1787570855 33229882 24843706959 0
1787570856 33230211 24843718247 0
1787570857 33230495 24843730304 0
1787570858 33230721 24843741484 0
1787570859 33230895 24843752990 0
1787570860 33231109 24843764293 0
1787570861 33231397 24843775197 0
1787570862 33231651 24843785952 0
1787570863 33231879 24843797397 0
1787570864 33232127 24843809060 0
1787570865 33232401 24843820668 0
1787570867 33232681 24843832198 0
1787570868 33232956 24843844071 0
1787570869 33233214 24843855957 0
1787570870 33233446 24843867650 0
1787570871 33233710 24843879114 0
1787570872 33233897 24843890576 0
1787570873 33234038 24843902163 0
1787570874 33234232 24843913659 0
1787570875 33234466 24843925102 0
1787570876 33234693 24843936372 0
1787570877 33234949 24843947787 0
1787570878 33235221 24843959253 0
1787570879 33235434 24843970913 0
1787570880 33235669 24843982490 0
1787570881 33235915 24843993808 0
1787570882 33236166 24844005385 0
1787570883 33236438 24844016956 0
1787570884 33236698 24844028740 0
1787570885 33236920 24844040313 0
1787570886 33237121 24844051746 0
1787570887 33237308 24844063312 0
1787570888 33237504 24844074908 0
1787570889 33237676 24844086666 0
1787570890 33237849 24844098328 0
1787570891 33238099 24844109994 0
1787570892 33238323 24844121427 0
1787570893 33238506 24844133055 0
1787570894 33238708 24844144650 0
1787570895 33238935 24844156401 0
1787570896 33239117 24844168013 0
1787570897 33239269 24844179528 0
1787570898 33239500 24844190975 0
1787570899 33239674 24844202370 0
1787570900 33239844 24844213876 0
1787570901 33240014 24844225628 0
1787570902 33240195 24844237114 0
1787570904 33240365 24844248803 0
1787570905 33240508 24844260386 0
1787570906 33240691 24844271817 0
1787570907 33240892 24844283143 0
1787570908 33241092 24844294582 0
1787570909 33241287 24844306201 0
1787570910 33241440 24844317810 0
1787570911 33241674 24844329276 0
1787570912 33241848 24844340961 0
