1787568462 32945870 24815748971 0
1787568463 32946144 24815761797 0
1787568464 32946355 24815774061 0
1787568465 32946548 24815786452 0
1787568466 32946701 24815798671 0
1787568467 32946839 24815810935 0
1787568468 32947145 24815823142 0
1787568469 32947336 24815835316 0
1787568470 32947537 24815847648 0
1787568471 32947717 24815860048 0
1787568472 32947915 24815872446 0
1787568473 32948158 24815884458 0
1787568474 32948435 24815896589 0
1787568475 32948729 24815909012 0
1787568476 32949051 24815921215 0
1787568477 32949449 24815933374 0
1787568478 32949813 24815945610 0
1787568479 32950197 24815957705 0
1787568481 32950541 24815969907 0
1787568482 32950868 24815981909 0
1787568483 32951231 24815994073 0
1787568484 32951606 24816006833 0
1787568485 32951936 24816019122 0
1787568486 32952202 24816031291 0
1787568487 32952471 24816043552 0
1787568488 32952663 24816055838 0
1787568489 32952913 24816068203 0
1787568490 32953132 24816080431 0
1787568491 32953381 24816092607 0
1787568492 32953629 24816105052 0
1787568493 32953830 24816117316 0
1787568494 32954065 24816129567 0
1787568495 32954287 24816141866 0
1787568496 32954493 24816154123 0
1787568497 32954734 24816166346 0
1787568498 32955001 24816178623 0
1787568499 32955213 24816191709 0
1787568500 32955498 24816204042 0
1787568501 32955725 24816216989 0
1787568502 32955948 24816229282 0
1787568503 32956194 24816241503 0
1787568504 32956404 24816253672 0
1787568505 32956624 24816265934 0
1787568507 32956880 24816278139 0
1787568508 32957113 24816290309 0
1787568509 32957335 24816303449 0
1787568510 32957549 24816315673 0
1787568511 32957725 24816327829 0
1787568512 32957908 24816340001 0
1787568513 32958118 24816352222 0
1787568514 32958335 24816364405 0
1787568515 32958553 24816376693 0
1787568516 32958780 24816388910 0
1787568517 32958997 24816401144 0
1787568518 32959203 24816413566 0
1787568519 32959439 24816425932 0
1787568520 32959675 24816438257 0
1787568521 32959905 24816450489 0
1787568522 32960091 24816462880 0
1787568523 32960297 24816475094 0
1787568524 32960508 24816487401 0
1787568525 32960712 24816499580 0
1787568526 32960910 24816511873 0
