1787570498 33158104 24839686315 0
1787570499 33158401 24839697885 0
1787570500 33158796 24839709951 0
1787570501 33159114 24839721598 0
1787570502 33159442 24839733792 0
1787570503 33159753 24839745410 0
1787570504 33160015 24839757066 0
1787570506 33160258 24839768609 0
1787570507 33160502 24839780412 0
1787570508 33160816 24839791974 0
1787570509 33161158 24839802109 0
1787570510 33161480 24839812431 0
1787570511 33161773 24839823935 0
1787570512 33162050 24839835317 0
1787570513 33162366 24839846453 0
1787570514 33162640 24839857789 0
1787570515 33162931 24839869214 0
1787570516 33163252 24839880207 0
1787570517 33163519 24839891399 0
1787570518 33163779 24839902542 0
1787570519 33164053 24839914088 0
1787570520 33164362 24839925973 0
1787570521 33164667 24839937104 0
1787570522 33164970 24839948365 0
1787570523 33165246 24839959826 0
1787570524 33165524 24839971268 0
1787570525 33165787 24839982723 0
1787570526 33166023 24839994082 0
1787570527 33166305 24840005471 0
1787570528 33166639 24840016994 0
1787570529 33166907 24840028741 0
1787570530 33167129 24840040483 0
1787570531 33167329 24840052013 0
1787570532 33167547 24840063667 0
1787570533 33167755 24840075394 0
1787570534 33167999 24840087071 0
1787570535 33168226 24840098731 0
1787570536 33168465 24840110242 0
1787570537 33168667 24840121814 0
1787570538 33168941 24840133550 0
1787570539 33169214 24840145121 0
1787570540 33169476 24840156636 0
1787570541 33169722 24840168094 0
1787570542 33169947 24840179527 0
1787570543 33170180 24840191070 0
1787570544 33170498 24840202499 0
1787570546 33170769 24840213933 0
1787570547 33170997 24840225310 0
1787570548 33171219 24840236848 0
1787570549 33171445 24840248491 0
1787570550 33171654 24840260445 0
1787570551 33171868 24840271910 0
1787570552 33172082 24840283456 0
1787570553 33172298 24840295090 0
1787570554 33172543 24840306580 0
1787570555 33172820 24840318058 0
1787570556 33173042 24840329623 0
1787570557 33173271 24840341104 0
1787570558 33173481 24840352547 0
1787570559 33173724 24840364122 0
1787570560 33173982 24840375384 0
1787570561 33174208 24840386672 0
1787570562 33174419 24840398299 0
