1787570848 33228234 24843631167 0
1787570849 33228478 24843641759 0
1787570850 33228747 24843652298 0
1787570851 33228995 24843663306 0
1787570852 33229175 24843674011 0
1787570853 33229413 24843685045 0
1787570854 33229649 24843696259 0
1787570855 33229893 24843707372 0
1787570856 33230224 24843718538 0
1787570857 33230487 24843729939 0
1787570858 33230704 24843741059 0
1787570859 33230868 24843751982 0
1787570860 33231087 24843763245 0
1787570861 33231362 24843774170 0
1787570862 33231630 24843784876 0
1787570863 33231849 24843796261 0
1787570864 33232105 24843807907 0
1787570865 33232375 24843819628 0
1787570866 33232659 24843831155 0
1787570867 33232921 24843842917 0
1787570868 33233186 24843854724 0
1787570869 33233429 24843866456 0
1787570871 33233687 24843878017 0
1787570872 33233871 24843889449 0
1787570873 33234022 24843901102 0
1787570874 33234212 24843912855 0
1787570875 33234439 24843924262 0
1787570876 33234695 24843936408 0
1787570877 33234946 24843947720 0
1787570878 33235222 24843959286 0
1787570879 33235432 24843970849 0
1787570880 33235666 24843982340 0
1787570881 33235915 24843993814 0
1787570882 33236174 24844005596 0
1787570883 33236446 24844017264 0
1787570884 33236735 24844030568 0
1787570885 33236956 24844042124 0
1787570886 33237163 24844053747 0
1787570887 33237354 24844065255 0
1787570888 33237535 24844076891 0
1787570889 33237711 24844089341 0
1787570890 33237938 24844101066 0
1787570891 33238141 24844112571 0
1787570892 33238352 24844124030 0
1787570893 33238562 24844135680 0
1787570894 33238752 24844147330 0
1787570896 33238975 24844158889 0
1787570897 33239146 24844170399 0
1787570898 33239355 24844182544 0
1787570899 33239543 24844194080 0
1787570900 33239707 24844205575 0
1787570901 33239903 24844217092 0
1787570902 33240080 24844228708 0
1787570903 33240234 24844240298 0
1787570904 33240398 24844252133 0
1787570905 33240550 24844263590 0
1787570906 33240763 24844275112 0
1787570907 33240985 24844286390 0
1787570908 33241171 24844297847 0
1787570909 33241319 24844309395 0
1787570910 33241482 24844320987 0
1787570911 33241717 24844332609 0
1787570912 33241906 24844344194 0
