1787570848 33228234 24843631199 0
1787570849 33228477 24843641736 0
1787570850 33228746 24843652284 0
1787570851 33228991 24843662924 0
1787570852 33229166 24843673574 0
1787570853 33229402 24843684814 0
1787570854 33229644 24843696061 0
1787570855 33229891 24843707268 0
1787570856 33230221 24843718464 0
1787570857 33230487 24843729921 0
1787570858 33230705 24843741074 0
1787570859 33230869 24843752002 0
1787570860 33231086 24843763207 0
1787570861 33231362 24843774166 0
1787570862 33231627 24843784779 0
1787570863 33231846 24843796140 0
1787570864 33232102 24843807809 0
1787570865 33232373 24843819498 0
1787570866 33232657 24843831091 0
1787570867 33232932 24843843212 0
1787570868 33233192 24843854993 0
1787570870 33233433 24843866737 0
1787570871 33233695 24843878476 0
1787570872 33233883 24843889801 0
1787570873 33234030 24843901456 0
1787570874 33234218 24843913057 0
1787570875 33234451 24843924569 0
1787570876 33234682 24843935918 0
1787570877 33234935 24843947206 0
1787570878 33235199 24843958491 0
1787570879 33235421 24843970178 0
1787570880 33235658 24843981674 0
1787570881 33235884 24843992952 0
1787570882 33236151 24844004803 0
1787570883 33236427 24844016483 0
1787570884 33236685 24844028320 0
1787570885 33236914 24844039891 0
1787570886 33237109 24844051342 0
1787570887 33237299 24844062810 0
1787570888 33237496 24844074470 0
1787570889 33237668 24844086090 0
1787570890 33237834 24844097778 0
1787570891 33238087 24844109350 0
1787570892 33238312 24844120936 0
1787570893 33238501 24844132525 0
1787570894 33238700 24844144107 0
1787570895 33238921 24844155698 0
1787570896 33239108 24844167404 0
1787570897 33239257 24844178748 0
1787570898 33239482 24844190191 0
1787570899 33239657 24844201582 0
1787570900 33239820 24844213042 0
1787570901 33239993 24844224614 0
1787570902 33240182 24844236116 0
1787570903 33240355 24844247881 0
1787570904 33240496 24844259737 0
1787570905 33240677 24844271102 0
1787570907 33240878 24844282456 0
1787570908 33241075 24844293705 0
1787570909 33241273 24844305248 0
1787570910 33241426 24844316825 0
1787570911 33241664 24844328916 0
1787570912 33241838 24844340624 0
