1787570498 33158103 24839686284 0
1787570499 33158407 24839697963 0
1787570500 33158814 24839710478 0
1787570501 33159124 24839722003 0
1787570502 33159440 24839733626 0
1787570503 33159744 24839745216 0
1787570504 33160014 24839757049 0
1787570505 33160256 24839768564 0
1787570507 33160494 24839780097 0
1787570508 33160797 24839791660 0
1787570509 33161138 24839801503 0
1787570510 33161459 24839811691 0
1787570511 33161758 24839823230 0
1787570512 33162034 24839834644 0
1787570513 33162344 24839845789 0
1787570514 33162624 24839857127 0
1787570515 33162909 24839868502 0
1787570516 33163234 24839879550 0
1787570517 33163504 24839890738 0
1787570518 33163758 24839901834 0
1787570519 33164022 24839913256 0
1787570520 33164308 24839924507 0
1787570521 33164621 24839935730 0
1787570522 33164936 24839947161 0
1787570523 33165222 24839958487 0
1787570524 33165476 24839969928 0
1787570525 33165759 24839981291 0
1787570526 33166000 24839992803 0
1787570527 33166271 24840004098 0
1787570528 33166587 24840015482 0
1787570529 33166877 24840027149 0
1787570530 33167105 24840039090 0
1787570531 33167305 24840050724 0
1787570532 33167522 24840062507 0
1787570533 33167726 24840074203 0
1787570534 33167975 24840085934 0
1787570535 33168203 24840097582 0
1787570536 33168444 24840109104 0
1787570537 33168645 24840120696 0
1787570538 33168916 24840132279 0
1787570539 33169178 24840143833 0
1787570540 33169450 24840155355 0
1787570541 33169689 24840166959 0
1787570542 33169925 24840178471 0
1787570543 33170162 24840190073 0
1787570544 33170477 24840201424 0
1787570545 33170754 24840213024 0
1787570546 33170979 24840224451 0
1787570547 33171197 24840235947 0
1787570549 33171420 24840247632 0
1787570550 33171632 24840259421 0
1787570551 33171840 24840270893 0
1787570552 33172060 24840282399 0
1787570553 33172275 24840294076 0
1787570554 33172526 24840305545 0
1787570555 33172799 24840316991 0
1787570556 33173015 24840328574 0
1787570557 33173252 24840340163 0
1787570558 33173461 24840351747 0
1787570559 33173705 24840363201 0
1787570560 33173962 24840374449 0
1787570561 33174192 24840385757 0
1787570562 33174403 24840397257 0
