1787568462 32945873 24815749015 0
1787568463 32946137 24815761593 0
1787568464 32946348 24815773821 0
1787568465 32946538 24815786050 0
1787568466 32946699 24815798286 0
1787568467 32946826 24815810588 0
1787568468 32947142 24815822822 0
1787568469 32947332 24815835088 0
1787568470 32947530 24815847387 0
1787568471 32947709 24815859730 0
1787568472 32947905 24815872012 0
1787568473 32948152 24815884170 0
1787568474 32948427 24815896340 0
1787568475 32948729 24815908975 0
1787568476 32949048 24815921065 0
1787568477 32949438 24815933214 0
1787568478 32949804 24815945358 0
1787568479 32950192 24815957495 0
1787568480 32950523 24815969535 0
1787568482 32950861 24815981655 0
1787568483 32951214 24815993789 0
1787568484 32951577 24816005989 0
1787568485 32951913 24816018100 0
1787568486 32952184 24816030191 0
1787568487 32952450 24816042346 0
1787568488 32952633 24816054547 0
1787568489 32952857 24816066690 0
1787568490 32953100 24816079005 0
1787568491 32953359 24816091140 0
1787568492 32953590 24816103306 0
1787568493 32953793 24816115518 0
1787568494 32954027 24816127811 0
1787568495 32954258 24816140085 0
1787568496 32954455 24816152351 0
1787568497 32954709 24816164572 0
1787568498 32954969 24816176815 0
1787568499 32955152 24816189083 0
1787568500 32955402 24816201341 0
1787568501 32955678 24816214178 0
1787568502 32955892 24816226529 0
1787568503 32956145 24816238791 0
1787568504 32956353 24816251127 0
1787568505 32956578 24816263334 0
1787568506 32956829 24816275504 0
1787568507 32957051 24816287847 0
1787568508 32957267 24816300101 0
1787568509 32957478 24816312292 0
1787568510 32957664 24816324679 0
1787568511 32957847 24816337031 0
1787568513 32958085 24816349362 0
1787568514 32958270 24816361493 0
1787568515 32958494 24816373688 0
1787568516 32958731 24816385921 0
1787568517 32958948 24816398103 0
1787568518 32959140 24816410336 0
1787568519 32959352 24816422595 0
1787568520 32959609 24816434904 0
1787568521 32959820 24816447167 0
1787568522 32960035 24816459464 0
1787568523 32960238 24816471758 0
1787568524 32960465 24816484159 0
1787568525 32960664 24816496356 0
1787568526 32960868 24816508638 0
